timestamp,instrument_name,underlying,underlying_name,option_type,strike,expiry_datetime,time_to_maturity,bid_price,ask_price,mark_price,mid_price,futures_price,futures_instrument_name,implied_volatility,delta,vega,open_interest,volume,bid_ask_spread,currency,index_price,volume_usd
2026-05-04T06:20:01.285567+00:00,BTC-6MAY26-78000-C,79806.32,index_price,call,78000.0,2026-05-06T08:00:00+00:00,0.005665789363988389,0.0245,0.028,0.02604501,0.02625,,,0.3846,0.78952,17.34174,16.8,16.8,0.0034999999999999996,BTC,79805.77,23172.0
2026-05-04T06:20:01.285567+00:00,BTC-26JUN26-155000-C,80008.94,BTC-26JUN26,call,155000.0,2026-06-26T08:00:00+00:00,0.14529617950772558,0.0001,0.0002,0.00014056,0.00015,80008.94,BTC-26JUN26,0.5876,0.00226,2.16019,254.9,0.0,0.0001,BTC,79804.01,0.0
2026-05-04T06:20:01.285567+00:00,BTC-29MAY26-48000-P,79866.82,BTC-29MAY26,put,48000.0,2026-05-29T08:00:00+00:00,0.06863635746802672,0.0002,0.0003,0.00022225,0.00025,79866.82,BTC-29MAY26,0.7476,-0.0035,2.20001,741.2,0.0,9.999999999999996e-05,BTC,79805.77,0.0
2026-05-04T06:20:01.285567+00:00,BTC-31JUL26-82000-P,80200.85307692307,SYN.BTC-31JUL26,put,82000.0,2026-07-31T08:00:00+00:00,0.24112095705734912,0.089,0.0905,0.08973655,0.08975,80200.85307692307,SYN.BTC-31JUL26,0.3942,-0.50714,157.1354,32.0,0.0,0.0015000000000000013,BTC,79804.01,0.0
2026-05-04T06:20:01.285567+00:00,BTC-26JUN26-86000-C,80008.94,BTC-26JUN26,call,86000.0,2026-06-26T08:00:00+00:00,0.14529617950772558,0.029,0.03,0.02965437,0.0295,80008.94,BTC-26JUN26,0.37929999999999997,0.33464,111.09482,442.6,2.3,0.0009999999999999974,BTC,79804.01,5172.43
2026-05-04T06:20:01.285567+00:00,BTC-29MAY26-96000-C,79867.11,BTC-29MAY26,call,96000.0,2026-05-29T08:00:00+00:00,0.06863635746802672,0.0019,0.0021,0.00192412,0.002,79867.11,BTC-29MAY26,0.4036,0.04585,20.13962,812.9,7.2,0.00019999999999999987,BTC,79804.01,955.5
2026-05-04T06:20:01.285567+00:00,BTC-29MAY26-40000-P,79867.11,BTC-29MAY26,put,40000.0,2026-05-29T08:00:00+00:00,0.06863635746802672,,0.0001,8.842e-05,,79867.11,BTC-29MAY26,0.9076000000000001,-0.00124,0.85784,415.6,0.0,,BTC,79804.01,0.0
2026-05-04T06:20:01.285567+00:00,BTC-31JUL26-80000-P,80200.85307692307,SYN.BTC-31JUL26,put,80000.0,2026-07-31T08:00:00+00:00,0.24112095705734912,0.076,0.077,0.07664388,0.0765,80200.85307692307,SYN.BTC-31JUL26,0.3985,-0.45599,156.20308,219.2,3.0,0.0010000000000000009,BTC,79804.01,17881.66
2026-05-04T06:20:01.285567+00:00,BTC-31JUL26-71000-P,80200.85307692307,SYN.BTC-31JUL26,put,71000.0,2026-07-31T08:00:00+00:00,0.24112095705734912,0.0335,0.0345,0.03407435,0.034,80200.85307692307,SYN.BTC-31JUL26,0.426,-0.24608,124.13472,10.2,4.8,0.0010000000000000009,BTC,79804.01,13367.63
2026-05-04T06:20:01.285567+00:00,BTC-31JUL26-115000-P,80200.85307692307,SYN.BTC-31JUL26,put,115000.0,2026-07-31T08:00:00+00:00,0.24112095705734912,0.43,0.454,0.43689381,0.442,80200.85307692307,SYN.BTC-31JUL26,0.3975,-0.9598,34.08328,0.1,0.0,0.02400000000000002,BTC,79803.91,0.0
2026-05-04T06:20:01.285567+00:00,BTC-22MAY26-77000-P,79845.32,SYN.BTC-22MAY26,put,77000.0,2026-05-22T08:00:00+00:00,0.049471401958102006,0.0185,0.019,0.01882269,0.01875,79845.32,SYN.BTC-22MAY26,0.3865,-0.32099,63.61298,43.9,20.9,0.0005000000000000004,BTC,79803.91,35274.75
2026-05-04T06:20:01.285567+00:00,BTC-25DEC26-65000-P,81185.54,BTC-25DEC26,put,65000.0,2026-12-25T08:00:00+00:00,0.643585022765768,0.0565,0.0585,0.05771746,0.0575,81185.54,BTC-25DEC26,0.4715,-0.21866,192.23058,414.6,0.0,0.0020000000000000018,BTC,79803.91,0.0
2026-05-04T06:20:01.285567+00:00,BTC-29MAY26-52000-P,79867.11,BTC-29MAY26,put,52000.0,2026-05-29T08:00:00+00:00,0.06863635746802672,0.0003,0.0005,0.0003996,0.0004,79867.11,BTC-29MAY26,0.684,-0.00651,3.82426,494.9,0.3,0.00020000000000000004,BTC,79803.91,10.26
2026-05-04T06:20:01.285567+00:00,BTC-31JUL26-83000-C,80200.85307692307,SYN.BTC-31JUL26,call,83000.0,2026-07-31T08:00:00+00:00,0.24112095705734912,0.0615,0.0625,0.06187779,0.062,80200.85307692307,SYN.BTC-31JUL26,0.3924,0.46741,156.63545,8.9,0.6,0.0010000000000000009,BTC,79803.91,2668.1
2026-05-04T06:20:01.285567+00:00,BTC-22MAY26-75000-C,79846.565,SYN.BTC-22MAY26,call,75000.0,2026-05-22T08:00:00+00:00,0.049471401958102006,0.0495,0.096,0.07284184,0.07275,79846.565,SYN.BTC-22MAY26,0.3987,0.77336,53.49934,0.0,0.0,0.0465,BTC,79804.26,0.0
2026-05-04T06:20:01.285567+00:00,BTC-31JUL26-69000-C,80200.54923076923,SYN.BTC-31JUL26,call,69000.0,2026-07-31T08:00:00+00:00,0.24112095705734912,0.148,0.1945,0.16762221,0.17125,80200.54923076923,SYN.BTC-31JUL26,0.4346,0.79136,113.09736,0.0,0.0,0.046500000000000014,BTC,79804.26,0.0
2026-05-04T06:20:01.285567+00:00,BTC-7MAY26-86000-P,79806.09,index_price,put,86000.0,2026-05-07T08:00:00+00:00,0.008403640151120492,0.072,0.0825,0.07804478,0.07725,,,0.4292,-0.96993,4.98944,0.0,0.0,0.01050000000000001,BTC,79804.26,0.0
2026-05-04T06:20:01.285567+00:00,BTC-25DEC26-40000-C,81185.77,BTC-25DEC26,call,40000.0,2026-12-25T08:00:00+00:00,0.643585022765768,0.517,0.52,0.51785256,0.5185,81185.77,BTC-25DEC26,0.6023,0.95601,60.63316,31.7,0.0,0.0030000000000000027,BTC,79804.26,0.0
2026-05-04T06:20:01.285567+00:00,BTC-15MAY26-84000-C,79823.91,BTC-15MAY26,call,84000.0,2026-05-15T08:00:00+00:00,0.030306446448177298,0.0075,0.008,0.00784968,0.00775,79823.91,BTC-15MAY26,0.36579999999999996,0.22093,41.25929,810.7,149.4,0.0005000000000000004,BTC,79804.26,88431.56
2026-05-04T06:20:01.285567+00:00,BTC-25DEC26-135000-P,81185.77,BTC-25DEC26,put,135000.0,2026-12-25T08:00:00+00:00,0.643585022765768,0.6345,0.7515,0.67674134,0.693,81185.77,BTC-25DEC26,0.4314,-0.90255,112.18595,0.6,0.0,0.11699999999999999,BTC,79797.67,0.0
2026-05-04T06:20:01.285567+00:00,BTC-26MAR27-105000-C,81859.23,BTC-26MAR27,call,105000.0,2027-03-26T08:00:00+00:00,0.8927294443947892,0.075,0.0785,0.07676157,0.07675,81859.23,BTC-26MAR27,0.43439999999999995,0.34418,284.80261,90.2,5.9,0.003500000000000003,BTC,79804.26,33596.31
2026-05-04T06:20:01.285567+00:00,BTC-26MAR27-100000-P,81859.18,BTC-26MAR27,put,100000.0,2027-03-26T08:00:00+00:00,0.8927294443947892,0.307,0.319,0.31302672,0.313,81859.18,BTC-26MAR27,0.4368,-0.60969,296.9124,0.5,0.0,0.01200000000000001,BTC,79797.67,0.0
2026-05-04T06:20:01.285567+00:00,BTC-6MAY26-86000-P,79806.32,index_price,put,86000.0,2026-05-06T08:00:00+00:00,0.005665789363988389,0.058,0.0915,0.07797763,0.07475,,,0.47479999999999994,-0.98097,2.7888,0.0,0.0,0.033499999999999995,BTC,79797.67,0.0
2026-05-04T06:20:01.285567+00:00,BTC-29MAY26-59000-C,79867.11,BTC-29MAY26,call,59000.0,2026-05-29T08:00:00+00:00,0.06863635746802672,0.2425,0.28,0.26224411,0.26125,79867.11,BTC-29MAY26,0.5659000000000001,0.98283,8.90089,0.1,0.0,0.03750000000000003,BTC,79797.67,0.0
2026-05-04T06:20:01.285567+00:00,BTC-4MAY26-86000-P,79806.09,index_price,put,86000.0,2026-05-04T08:00:00+00:00,0.0001900877897241869,0.0715,0.113,0.07763007,0.09225,,,0.5718,-1.0,0.0,0.0,0.0,0.04150000000000001,BTC,79797.67,0.0
2026-05-04T06:20:01.285567+00:00,BTC-7MAY26-88000-C,79806.09,index_price,call,88000.0,2026-05-07T08:00:00+00:00,0.008403640151120492,0.0002,0.0004,0.00026462,0.0003,,,0.4946,0.01641,2.99377,0.3,0.3,0.0002,BTC,79797.67,4.78
2026-05-04T06:20:01.285567+00:00,BTC-26JUN26-320000-C,80008.94,BTC-26JUN26,call,320000.0,2026-06-26T08:00:00+00:00,0.14529617950772558,,0.0001,2.476e-05,,80008.94,BTC-26JUN26,0.9984000000000001,0.00028,0.31552,135.9,0.0,,BTC,79797.84,0.0
2026-05-04T06:20:01.285567+00:00,BTC-7MAY26-81000-C,79806.09,index_price,call,81000.0,2026-05-07T08:00:00+00:00,0.008403640151120492,0.0065,0.0075,0.00699906,0.007,,,0.3565,0.32959,26.48771,11.7,14.4,0.001,BTC,79797.67,10675.93
2026-05-04T06:20:01.285567+00:00,BTC-4MAY26-76000-P,79806.09,index_price,put,76000.0,2026-05-04T08:00:00+00:00,0.0001900877897241869,,0.0001,0.0,,,,0.6053999999999999,0.0,0.0,44.8,37.2,,BTC,79797.84,936.67
2026-05-04T06:20:01.285567+00:00,BTC-5MAY26-81500-C,79806.32,index_price,call,81500.0,2026-05-05T08:00:00+00:00,0.002927938576856288,0.0015,0.0018,0.00164293,0.00165,,,0.3809,0.15541,10.31062,40.7,46.4,0.0002999999999999999,BTC,79797.84,4856.29
2026-05-04T06:20:01.285567+00:00,BTC-26JUN26-140000-P,80008.71,BTC-26JUN26,put,140000.0,2026-06-26T08:00:00+00:00,0.14529617950772558,0.6825,0.824,0.74998512,0.75325,80008.71,BTC-26JUN26,0.5175,-0.9969,2.87403,23.1,0.0,0.14149999999999996,BTC,79797.84,0.0
2026-05-04T06:20:01.285567+00:00,BTC-22MAY26-82000-C,79845.32,SYN.BTC-22MAY26,call,82000.0,2026-05-22T08:00:00+00:00,0.049471401958102006,0.021,0.022,0.02147937,0.0215,79845.32,SYN.BTC-22MAY26,0.3697,0.38867,68.09471,111.7,45.8,0.0009999999999999974,BTC,79797.84,62055.35
2026-05-04T06:20:01.285567+00:00,BTC-26MAR27-140000-C,81859.23,BTC-26MAR27,call,140000.0,2027-03-26T08:00:00+00:00,0.8927294443947892,0.0225,0.0245,0.0235326,0.0235,81859.23,BTC-26MAR27,0.4334,0.13448,167.5241,79.6,0.1,0.0020000000000000018,BTC,79797.84,179.91
2026-05-04T06:20:01.285567+00:00,BTC-26JUN26-155000-P,80008.94,BTC-26JUN26,put,155000.0,2026-06-26T08:00:00+00:00,0.14529617950772558,0.863,1.0195,0.93742964,0.94125,80008.94,BTC-26JUN26,0.5876,-0.99774,2.15816,1.8,0.0,0.15650000000000008,BTC,79797.67,0.0
2026-05-04T06:20:01.285567+00:00,BTC-29MAY26-69000-P,79866.82,BTC-29MAY26,put,69000.0,2026-05-29T08:00:00+00:00,0.06863635746802672,0.005,0.0055,0.00537256,0.00525,79866.82,BTC-29MAY26,0.4437,-0.09423,35.16129,729.8,53.8,0.0004999999999999996,BTC,79797.84,39368.84
2026-05-04T06:20:01.285567+00:00,BTC-25DEC26-62000-C,81185.77,BTC-25DEC26,call,62000.0,2026-12-25T08:00:00+00:00,0.643585022765768,0.2815,0.287,0.28418402,0.28425,81185.77,BTC-25DEC26,0.48119999999999996,0.81351,174.75611,64.4,0.0,0.005500000000000005,BTC,79797.67,0.0
2026-05-04T06:20:01.285567+00:00,BTC-26JUN26-72000-P,80008.94,BTC-26JUN26,put,72000.0,2026-06-26T08:00:00+00:00,0.14529617950772558,0.022,0.023,0.02275323,0.0225,80008.94,BTC-26JUN26,0.41590000000000005,-0.22851,92.28988,1917.0,14.2,0.0010000000000000009,BTC,79797.67,29309.28
2026-05-04T06:20:01.285567+00:00,BTC-15MAY26-73000-P,79823.91,BTC-15MAY26,put,73000.0,2026-05-15T08:00:00+00:00,0.030306446448177298,0.0036,0.0038,0.00384744,0.0037,79823.91,BTC-15MAY26,0.42310000000000003,-0.10596,25.44178,180.9,55.9,0.0002000000000000001,BTC,79797.67,25642.49
2026-05-04T06:20:01.285567+00:00,BTC-26JUN26-80000-C,80008.94,BTC-26JUN26,call,80000.0,2026-06-26T08:00:00+00:00,0.14529617950772558,0.0585,0.0595,0.05900901,0.059,80008.94,BTC-26JUN26,0.38789999999999997,0.52949,121.36366,3768.8,25.0,0.000999999999999994,BTC,79797.67,106319.47
2026-05-04T06:20:01.285567+00:00,BTC-31JUL26-108000-P,80200.85307692307,SYN.BTC-31JUL26,put,108000.0,2026-07-31T08:00:00+00:00,0.24112095705734912,0.346,0.4115,0.35231429,0.37875,80200.85307692307,SYN.BTC-31JUL26,0.38880000000000003,-0.92829,53.87816,0.0,0.0,0.0655,BTC,79797.67,0.0
2026-05-04T06:20:01.285567+00:00,BTC-25SEP26-30000-C,80503.32,BTC-25SEP26,call,30000.0,2026-09-25T08:00:00+00:00,0.3944406011367468,0.6285,0.6305,0.62935287,0.6295,80503.32,BTC-25SEP26,0.759,0.9895,14.05946,97.8,0.0,0.0020000000000000018,BTC,79797.67,0.0
2026-05-04T06:20:01.285567+00:00,BTC-31JUL26-73000-C,80200.85307692307,SYN.BTC-31JUL26,call,73000.0,2026-07-31T08:00:00+00:00,0.24112095705734912,0.1295,0.1335,0.13104166,0.1315,80200.85307692307,SYN.BTC-31JUL26,0.4183,0.71225,134.34001,0.0,0.0,0.0040000000000000036,BTC,79792.76,0.0
2026-05-04T06:20:01.285567+00:00,BTC-26MAR27-108000-C,81859.18,BTC-26MAR27,call,108000.0,2027-03-26T08:00:00+00:00,0.8927294443947892,0.0675,0.071,0.06916607,0.06925,81859.18,BTC-26MAR27,0.4335,0.31855,276.12643,10.5,0.0,0.0034999999999999892,BTC,79792.76,0.0
2026-05-04T06:20:01.285567+00:00,BTC-26JUN26-115000-P,80008.94,BTC-26JUN26,put,115000.0,2026-06-26T08:00:00+00:00,0.14529617950772558,0.432,0.4425,0.43827031,0.43725,80008.94,BTC-26JUN26,0.4302,-0.98344,12.57259,291.1,0.0,0.01050000000000001,BTC,79792.76,0.0
2026-05-04T06:20:01.285567+00:00,BTC-26JUN26-190000-P,80008.94,BTC-26JUN26,put,190000.0,2026-06-26T08:00:00+00:00,0.14529617950772558,1.2835,1.475,1.37488246,1.37925,80008.94,BTC-26JUN26,0.7448,-0.99816,1.79431,5.8,0.0,0.1915,BTC,79792.76,0.0
2026-05-04T06:20:01.285567+00:00,BTC-29MAY26-88000-C,79866.82,BTC-29MAY26,call,88000.0,2026-05-29T08:00:00+00:00,0.06863635746802672,0.0085,0.009,0.00864237,0.00875,79866.82,BTC-29MAY26,0.3725,0.1722,53.39845,889.6,61.7,0.0004999999999999987,BTC,79792.76,42544.49
2026-05-04T06:20:01.285567+00:00,BTC-7MAY26-73000-P,79806.09,index_price,put,73000.0,2026-05-07T08:00:00+00:00,0.008403640151120492,0.0004,0.0006,0.00053044,0.0005,,,0.5176,-0.02881,4.81442,28.3,28.3,0.00019999999999999993,BTC,79792.76,1415.9
2026-05-04T06:20:01.285567+00:00,BTC-25SEP26-170000-C,80503.27,BTC-25SEP26,call,170000.0,2026-09-25T08:00:00+00:00,0.3944406011367468,0.0006,0.0009,0.00063044,0.00075,80503.27,BTC-25SEP26,0.4595,0.00724,10.15379,369.7,0.0,0.00030000000000000003,BTC,79792.76,0.0
2026-05-04T06:20:01.285567+00:00,BTC-25DEC26-60000-C,81185.77,BTC-25DEC26,call,60000.0,2026-12-25T08:00:00+00:00,0.643585022765768,0.3005,0.3055,0.30306302,0.303,81185.77,BTC-25DEC26,0.48840000000000006,0.8332,162.83257,116.5,0.0,0.0050000000000000044,BTC,79789.22,0.0
2026-05-04T06:20:01.285567+00:00,BTC-25SEP26-190000-P,80503.27,BTC-25SEP26,put,190000.0,2026-09-25T08:00:00+00:00,0.3944406011367468,1.2695,1.461,1.36048536,1.36525,80503.27,BTC-25SEP26,0.4929,-0.99559,6.5371,0.0,0.0,0.1915,BTC,79789.22,0.0
2026-05-04T06:20:01.285567+00:00,BTC-31JUL26-98000-C,80200.85307692307,SYN.BTC-31JUL26,call,98000.0,2026-07-31T08:00:00+00:00,0.24112095705734912,0.0145,0.0155,0.01515573,0.015,80200.85307692307,SYN.BTC-31JUL26,0.3824,0.16508,97.8104,1021.1,1.2,0.0009999999999999992,BTC,79789.22,1276.19
2026-05-04T06:20:01.285567+00:00,BTC-26JUN26-250000-C,80008.94,BTC-26JUN26,call,250000.0,2026-06-26T08:00:00+00:00,0.14529617950772558,,0.0002,7.324e-05,,80008.94,BTC-26JUN26,0.9024,0.00085,0.87972,200.1,0.0,,BTC,79784.42,0.0
2026-05-04T06:20:01.285567+00:00,BTC-29MAY26-61000-P,79867.11,BTC-29MAY26,put,61000.0,2026-05-29T08:00:00+00:00,0.06863635746802672,0.0011,0.0014,0.00127642,0.00125,79867.11,BTC-29MAY26,0.535,-0.02325,11.50919,299.1,25.4,0.0002999999999999999,BTC,79789.22,2249.82
2026-05-04T06:20:01.285567+00:00,BTC-7MAY26-83000-P,79806.09,index_price,put,83000.0,2026-05-07T08:00:00+00:00,0.008403640151120492,0.038,0.074,0.04213404,0.056,,,0.3705,-0.8741,15.13716,0.0,0.0,0.036,BTC,79784.42,0.0
2026-05-04T06:20:01.285567+00:00,BTC-26MAR27-55000-P,81859.23,BTC-26MAR27,put,55000.0,2027-03-26T08:00:00+00:00,0.8927294443947892,0.0425,0.0445,0.04372759,0.0435,81859.23,BTC-26MAR27,0.5056,-0.1422,173.98752,630.1,0.6,0.001999999999999995,BTC,79784.42,2120.13
2026-05-04T06:20:01.285567+00:00,BTC-31JUL26-84000-C,80200.85307692307,SYN.BTC-31JUL26,call,84000.0,2026-07-31T08:00:00+00:00,0.24112095705734912,0.0565,0.0575,0.05684376,0.057,80200.85307692307,SYN.BTC-31JUL26,0.3908,0.44204,155.48255,29.3,20.0,0.0010000000000000009,BTC,79784.42,88769.45
2026-05-04T06:20:01.285567+00:00,BTC-25SEP26-58000-C,80503.32,BTC-25SEP26,call,58000.0,2026-09-25T08:00:00+00:00,0.3944406011367468,0.2965,0.3015,0.29920789,0.299,80503.32,BTC-25SEP26,0.495,0.88663,97.1466,29.2,0.0,0.0050000000000000044,BTC,79784.42,0.0
2026-05-04T06:20:01.285567+00:00,BTC-4MAY26-72000-C,79806.09,index_price,call,72000.0,2026-05-04T08:00:00+00:00,0.0001900877897241869,0.0685,0.122,0.09779808,0.09525,,,0.6082,1.0,0.0,3.1,30.1,0.05349999999999999,BTC,79784.42,210662.21
2026-05-04T06:20:01.285567+00:00,BTC-29MAY26-60000-P,79866.82,BTC-29MAY26,put,60000.0,2026-05-29T08:00:00+00:00,0.06863635746802672,0.001,0.0012,0.00107997,0.0011,79866.82,BTC-29MAY26,0.5481,-0.01963,9.97316,902.8,90.5,0.00019999999999999987,BTC,79784.42,8810.54
2026-05-04T06:20:01.285567+00:00,BTC-7MAY26-81000-P,79806.09,index_price,put,81000.0,2026-05-07T08:00:00+00:00,0.008403640151120492,0.02,0.023,0.02194006,0.0215,,,0.3565,-0.67245,26.41642,0.1,0.1,0.002999999999999999,BTC,79782.89,152.56
2026-05-04T06:20:01.285567+00:00,BTC-8MAY26-85000-P,79812.55,BTC-8MAY26,put,85000.0,2026-05-08T08:00:00+00:00,0.011141490938252592,0.061,0.0835,0.06592206,0.07225,79812.55,BTC-8MAY26,0.37270000000000003,-0.94384,9.52766,0.7,0.1,0.022500000000000006,BTC,79782.89,667.06
2026-05-04T06:20:01.285567+00:00,BTC-26JUN26-78000-P,80008.94,BTC-26JUN26,put,78000.0,2026-06-26T08:00:00+00:00,0.14529617950772558,0.0465,0.0475,0.04728538,0.047,80008.94,BTC-26JUN26,0.3931,-0.40416,118.14467,1855.7,20.6,0.0010000000000000009,BTC,79782.89,85833.4
2026-05-04T06:20:01.285567+00:00,BTC-4MAY26-84000-C,79806.09,index_price,call,84000.0,2026-05-04T08:00:00+00:00,0.0001900877897241869,,0.0001,0.0,,,,0.5699000000000001,0.0,0.0,50.0,0.0,,BTC,79782.89,0.0
2026-05-04T06:20:01.285567+00:00,BTC-7MAY26-81500-P,79806.09,index_price,put,81500.0,2026-05-07T08:00:00+00:00,0.008403640151120492,0.023,0.046,0.02645076,0.0345,,,0.3579,-0.73641,23.899,0.0,0.0,0.023,BTC,79782.89,0.0
2026-05-04T06:20:01.285567+00:00,BTC-5MAY26-78000-P,79806.32,index_price,put,78000.0,2026-05-05T08:00:00+00:00,0.002927938576856288,0.0014,0.0016,0.00153208,0.0015,,,0.3922,-0.14144,9.67898,79.6,77.3,0.0002000000000000001,BTC,79780.42,27081.26
2026-05-04T06:20:01.285567+00:00,BTC-26MAR27-106000-P,81859.23,BTC-26MAR27,put,106000.0,2027-03-26T08:00:00+00:00,0.8927294443947892,0.358,0.379,0.36907346,0.3685,81859.23,BTC-26MAR27,0.43420000000000003,-0.66472,281.86547,0.0,0.0,0.02100000000000002,BTC,79780.42,0.0
2026-05-04T06:20:01.285567+00:00,BTC-15MAY26-80000-C,79823.86,BTC-15MAY26,call,80000.0,2026-05-15T08:00:00+00:00,0.030306446448177298,0.0245,0.0255,0.02507492,0.025,79823.86,BTC-15MAY26,0.3761,0.49764,55.43825,1251.9,788.3,0.0009999999999999974,BTC,79780.42,1600083.19
2026-05-04T06:20:01.285567+00:00,BTC-6MAY26-75500-P,79806.32,index_price,put,75500.0,2026-05-06T08:00:00+00:00,0.005665789363988389,0.0008,0.0009,0.00087332,0.00085,,,0.4704,-0.05761,6.93109,20.8,22.3,9.999999999999994e-05,BTC,79780.42,2674.31
2026-05-04T06:20:01.285567+00:00,BTC-25SEP26-300000-P,80503.32,BTC-25SEP26,put,300000.0,2026-09-25T08:00:00+00:00,0.3944406011367468,2.583,2.883,2.72656887,2.733,80503.32,BTC-25SEP26,0.6389,-0.99896,1.77162,0.0,0.0,0.2999999999999998,BTC,79780.42,0.0
2026-05-04T06:20:01.285567+00:00,BTC-22MAY26-74000-P,79845.32,SYN.BTC-22MAY26,put,74000.0,2026-05-22T08:00:00+00:00,0.049471401958102006,0.009,0.01,0.00963237,0.0095,79845.32,SYN.BTC-22MAY26,0.4048,-0.18775,47.84315,46.4,17.6,0.0010000000000000009,BTC,79780.42,18400.68
2026-05-04T06:20:01.285567+00:00,BTC-5MAY26-81000-P,79806.32,index_price,put,81000.0,2026-05-05T08:00:00+00:00,0.002927938576856288,0.0135,0.021,0.01784542,0.01725,,,0.3724,-0.77126,13.07243,0.0,0.0,0.0075000000000000015,BTC,79779.62,0.0
2026-05-04T06:20:01.285567+00:00,BTC-25DEC26-210000-P,81185.54,BTC-25DEC26,put,210000.0,2026-12-25T08:00:00+00:00,0.643585022765768,1.4875,1.7025,1.58826544,1.595,81185.54,BTC-25DEC26,0.48960000000000004,-0.9869,21.94595,0.0,0.0,0.21499999999999986,BTC,79779.62,0.0
2026-05-04T06:20:01.285567+00:00,BTC-25SEP26-35000-P,80503.27,BTC-25SEP26,put,35000.0,2026-09-25T08:00:00+00:00,0.3944406011367468,0.0028,0.0032,0.0029366,0.003,80503.27,BTC-25SEP26,0.6901,-0.01629,20.5508,540.6,2.6,0.0004000000000000002,BTC,79780.42,644.0
2026-05-04T06:20:01.285567+00:00,BTC-25SEP26-64000-P,80503.32,BTC-25SEP26,put,64000.0,2026-09-25T08:00:00+00:00,0.3944406011367468,0.0315,0.0325,0.03196708,0.032,80503.32,BTC-25SEP26,0.4653,-0.17624,130.9127,193.7,5.3,0.0010000000000000009,BTC,79779.62,14597.09
2026-05-04T06:20:01.285567+00:00,BTC-25SEP26-135000-P,80503.27,BTC-25SEP26,put,135000.0,2026-09-25T08:00:00+00:00,0.3944406011367468,0.6725,0.716,0.68003617,0.69425,80503.27,BTC-25SEP26,0.4182,-0.96693,37.28666,12.5,0.0,0.04349999999999998,BTC,79779.62,0.0
2026-05-04T06:20:01.285567+00:00,BTC-25DEC26-80000-C,81185.77,BTC-25DEC26,call,80000.0,2026-12-25T08:00:00+00:00,0.643585022765768,0.1465,0.149,0.14758891,0.14775,81185.77,BTC-25DEC26,0.4434,0.58638,253.71387,4087.8,12.6,0.0025000000000000022,BTC,79780.35,147735.79
2026-05-04T06:20:01.285567+00:00,BTC-25DEC26-105000-P,81185.77,BTC-25DEC26,put,105000.0,2026-12-25T08:00:00+00:00,0.643585022765768,0.338,0.348,0.34328032,0.343,81185.77,BTC-25DEC26,0.42450000000000004,-0.72099,218.86277,107.8,0.0,0.009999999999999953,BTC,79780.35,0.0
2026-05-04T06:20:01.285567+00:00,BTC-29MAY26-67000-P,79867.11,BTC-29MAY26,put,67000.0,2026-05-29T08:00:00+00:00,0.06863635746802672,0.0035,0.0038,0.00366436,0.00365,79867.11,BTC-29MAY26,0.4631,-0.0661,26.87991,747.3,0.8,0.0002999999999999999,BTC,79779.62,235.09
2026-05-04T06:20:01.285567+00:00,BTC-4MAY26-69000-C,79806.09,index_price,call,69000.0,2026-05-04T08:00:00+00:00,0.0001900877897241869,0.1085,0.1535,0.13538983,0.131,,,0.6082,1.0,0.0,0.0,0.0,0.045,BTC,79780.35,0.0
2026-05-04T06:20:01.285567+00:00,BTC-25DEC26-200000-P,81185.54,BTC-25DEC26,put,200000.0,2026-12-25T08:00:00+00:00,0.643585022765768,1.3695,1.575,1.46542238,1.47225,81185.54,BTC-25DEC26,0.47979999999999995,-0.98421,25.78162,0.0,0.0,0.20550000000000002,BTC,79780.35,0.0
2026-05-04T06:20:01.285567+00:00,BTC-31JUL26-115000-C,80200.85307692307,SYN.BTC-31JUL26,call,115000.0,2026-07-31T08:00:00+00:00,0.24112095705734912,0.0028,0.0031,0.0029587,0.00295,80200.85307692307,SYN.BTC-31JUL26,0.3975,0.04006,33.98019,14.9,0.7,0.0002999999999999999,BTC,79780.35,166.09
2026-05-04T06:20:01.285567+00:00,BTC-29MAY26-70000-P,79867.11,BTC-29MAY26,put,70000.0,2026-05-29T08:00:00+00:00,0.06863635746802672,0.006,0.0065,0.00639248,0.00625,79867.11,BTC-29MAY26,0.4322,-0.11155,39.74168,3315.9,73.4,0.0004999999999999996,BTC,79780.35,42778.25
2026-05-04T06:20:01.285567+00:00,BTC-6MAY26-87000-C,79806.32,index_price,call,87000.0,2026-05-06T08:00:00+00:00,0.005665789363988389,0.0001,0.0003,0.00016479,0.0002,,,0.5081,0.01243,1.93391,22.2,2.3,0.00019999999999999998,BTC,79780.54,42.7
2026-05-04T06:20:01.285567+00:00,BTC-22MAY26-70000-C,79845.32,SYN.BTC-22MAY26,call,70000.0,2026-05-22T08:00:00+00:00,0.049471401958102006,0.1025,0.137,0.12718868,0.11975,79845.32,SYN.BTC-22MAY26,0.4426,0.91655,27.25593,0.0,0.0,0.03450000000000002,BTC,79780.54,0.0
2026-05-04T06:20:01.285567+00:00,BTC-26MAR27-60000-C,81859.23,BTC-26MAR27,call,60000.0,2027-03-26T08:00:00+00:00,0.8927294443947892,0.3225,0.3285,0.32584729,0.3255,81859.23,BTC-26MAR27,0.4907,0.81619,205.62489,2.4,0.2,0.006000000000000005,BTC,79780.54,5067.2
2026-05-04T06:20:01.285567+00:00,BTC-25DEC26-170000-P,81185.77,BTC-25DEC26,put,170000.0,2026-12-25T08:00:00+00:00,0.643585022765768,1.088,1.1895,1.09829138,1.13875,81185.77,BTC-25DEC26,0.4579,-0.96626,48.83672,0.0,0.0,0.10149999999999992,BTC,79780.54,0.0
2026-05-04T06:20:01.285567+00:00,BTC-4MAY26-74500-P,79806.09,index_price,put,74500.0,2026-05-04T08:00:00+00:00,0.0001900877897241869,,0.0001,0.0,,,,0.6075,0.0,0.0,35.6,3.0,,BTC,79780.54,23.61
2026-05-04T06:20:01.285567+00:00,BTC-29MAY26-59000-P,79866.82,BTC-29MAY26,put,59000.0,2026-05-29T08:00:00+00:00,0.06863635746802672,0.0008,0.0011,0.00096466,0.00095,79866.82,BTC-29MAY26,0.5659000000000001,-0.01725,8.93319,371.2,26.5,0.00030000000000000003,BTC,79780.54,1745.91
2026-05-04T06:20:01.285567+00:00,BTC-29MAY26-67000-C,79866.82,BTC-29MAY26,call,67000.0,2026-05-29T08:00:00+00:00,0.06863635746802672,0.163,0.1675,0.16477831,0.16525,79866.82,BTC-29MAY26,0.4631,0.93391,26.87672,179.8,0.0,0.004500000000000004,BTC,79780.54,0.0
2026-05-04T06:20:01.285567+00:00,BTC-7MAY26-82500-P,79806.09,index_price,put,82500.0,2026-05-07T08:00:00+00:00,0.008403640151120492,0.0325,0.077,0.03665933,0.05475,,,0.3668,-0.83638,18.06247,0.0,0.0,0.0445,BTC,79780.54,0.0
2026-05-04T06:20:01.285567+00:00,BTC-5MAY26-70000-P,79806.32,index_price,put,70000.0,2026-05-05T08:00:00+00:00,0.002927938576856288,,0.0001,5.5e-07,,,,0.6364,-7e-05,0.01187,41.3,0.0,,BTC,79785.62,0.0
2026-05-04T06:20:01.285567+00:00,BTC-8MAY26-71000-P,79812.5,BTC-8MAY26,put,71000.0,2026-05-08T08:00:00+00:00,0.011141490938252592,0.0004,0.0005,0.00047213,0.00045,79812.5,BTC-8MAY26,0.5548,-0.02162,4.35637,164.4,5.9,9.999999999999999e-05,BTC,79785.62,258.26
2026-05-04T06:20:01.285567+00:00,BTC-25DEC26-72000-C,81185.77,BTC-25DEC26,call,72000.0,2026-12-25T08:00:00+00:00,0.643585022765768,0.1995,0.203,0.20024089,0.20125,81185.77,BTC-25DEC26,0.4542,0.69522,228.06082,1039.4,0.0,0.003500000000000003,BTC,79780.54,0.0
2026-05-04T06:20:01.285567+00:00,BTC-25SEP26-78000-C,80503.32,BTC-25SEP26,call,78000.0,2026-09-25T08:00:00+00:00,0.3944406011367468,0.119,0.121,0.12000408,0.12,80503.32,BTC-25SEP26,0.4216,0.59896,195.47922,2167.8,2.1,0.0020000000000000018,BTC,79785.62,18507.86
2026-05-04T06:20:01.285567+00:00,BTC-25DEC26-40000-P,81185.77,BTC-25DEC26,put,40000.0,2026-12-25T08:00:00+00:00,0.643585022765768,0.01,0.011,0.01055102,0.0105,81185.77,BTC-25DEC26,0.6023,-0.04403,60.66832,2849.8,9.7,0.0009999999999999992,BTC,79785.62,8707.44
2026-05-04T06:20:01.285567+00:00,BTC-6MAY26-80000-C,79806.32,index_price,call,80000.0,2026-05-06T08:00:00+00:00,0.005665789363988389,0.009,0.01,0.00957066,0.0095,,,0.3589,0.46657,23.88416,129.2,29.7,0.0010000000000000009,BTC,79789.81,11990.6
2026-05-04T06:20:01.285567+00:00,BTC-25DEC26-135000-C,81185.77,BTC-25DEC26,call,135000.0,2026-12-25T08:00:00+00:00,0.643585022765768,0.0135,0.0145,0.01388405,0.014,81185.77,BTC-25DEC26,0.4314,0.09736,112.0908,695.9,1.0,0.0010000000000000009,BTC,79785.62,1042.06
2026-05-04T06:20:01.285567+00:00,BTC-4MAY26-80000-C,79806.09,index_price,call,80000.0,2026-05-04T08:00:00+00:00,0.0001900877897241869,0.0006,0.0008,0.00076596,0.0007,,,0.3121,0.27105,3.64606,313.5,211.5,0.0002000000000000001,BTC,79789.81,32546.57
2026-05-04T06:20:01.285567+00:00,BTC-29MAY26-79000-P,79866.82,BTC-29MAY26,put,79000.0,2026-05-29T08:00:00+00:00,0.06863635746802672,0.034,0.035,0.03445292,0.0345,79866.82,BTC-29MAY26,0.3815,-0.43749,82.46099,101.4,44.6,0.0010000000000000009,BTC,79789.81,128812.56
2026-05-04T06:20:01.285567+00:00,BTC-15MAY26-84000-P,79823.91,BTC-15MAY26,put,84000.0,2026-05-15T08:00:00+00:00,0.030306446448177298,0.053,0.086,0.06014223,0.0695,79823.91,BTC-15MAY26,0.36579999999999996,-0.77988,41.16484,0.7,0.0,0.032999999999999995,BTC,79789.81,0.0
2026-05-04T06:20:01.285567+00:00,BTC-31JUL26-81000-C,80200.85307692307,SYN.BTC-31JUL26,call,81000.0,2026-07-31T08:00:00+00:00,0.24112095705734912,0.0725,0.0735,0.07303607,0.073,80200.85307692307,SYN.BTC-31JUL26,0.39630000000000004,0.51777,156.95242,508.7,4.2,0.0010000000000000009,BTC,79789.81,22763.9
2026-05-04T06:20:01.285567+00:00,BTC-29MAY26-54000-C,79867.11,BTC-29MAY26,call,54000.0,2026-05-29T08:00:00+00:00,0.06863635746802672,0.3215,0.352,0.32432604,0.33675,79867.11,BTC-29MAY26,0.6376,0.99233,4.41768,0.0,0.0,0.03049999999999997,BTC,79789.81,0.0
2026-05-04T06:20:01.285567+00:00,BTC-26JUN26-135000-C,80008.94,BTC-26JUN26,call,135000.0,2026-06-26T08:00:00+00:00,0.14529617950772558,0.0002,0.0003,0.00027937,0.00025,80008.94,BTC-26JUN26,0.5107,0.0048,4.25544,819.8,0.0,9.999999999999996e-05,BTC,79789.88,0.0
2026-05-04T06:20:01.285567+00:00,BTC-31JUL26-77000-C,80200.85307692307,SYN.BTC-31JUL26,call,77000.0,2026-07-31T08:00:00+00:00,0.24112095705734912,0.0975,0.101,0.09942755,0.09925,80200.85307692307,SYN.BTC-31JUL26,0.40619999999999995,0.61884,150.09468,11.8,3.0,0.003500000000000003,BTC,79789.88,22835.99
2026-05-04T06:20:01.285567+00:00,BTC-25DEC26-104000-P,81185.77,BTC-25DEC26,put,104000.0,2026-12-25T08:00:00+00:00,0.643585022765768,0.328,0.3945,0.33319604,0.36125,81185.77,BTC-25DEC26,0.42450000000000004,-0.71135,222.48054,0.0,0.0,0.0665,BTC,79789.81,0.0
2026-05-04T06:20:01.285567+00:00,BTC-4MAY26-75000-C,79806.09,index_price,call,75000.0,2026-05-04T08:00:00+00:00,0.0001900877897241869,0.059,0.062,0.06020634,0.0605,,,0.6059,1.0,0.0,5.2,26.0,0.0030000000000000027,BTC,79789.88,103839.42
2026-05-04T06:20:01.285567+00:00,BTC-8MAY26-81000-P,79812.5,BTC-8MAY26,put,81000.0,2026-05-08T08:00:00+00:00,0.011141490938252592,0.023,0.0245,0.02369154,0.02375,79812.5,BTC-8MAY26,0.35609999999999997,-0.64782,31.27851,10.9,0.2,0.0015000000000000013,BTC,79789.88,352.48
2026-05-04T06:20:01.285567+00:00,BTC-4MAY26-74000-C,79806.09,index_price,call,74000.0,2026-05-04T08:00:00+00:00,0.0001900877897241869,0.0415,0.1005,0.07273692,0.071,,,0.6076,1.0,0.0,0.0,0.0,0.059000000000000004,BTC,79789.88,0.0
2026-05-04T06:20:01.285567+00:00,BTC-25DEC26-85000-P,81185.77,BTC-25DEC26,put,85000.0,2026-12-25T08:00:00+00:00,0.643585022765768,0.164,0.1695,0.16699377,0.16675,81185.77,BTC-25DEC26,0.4365,-0.48269,259.61672,516.8,0.0,0.005500000000000005,BTC,79789.88,0.0
2026-05-04T06:20:01.285567+00:00,BTC-25DEC26-84000-P,81185.77,BTC-25DEC26,put,84000.0,2026-12-25T08:00:00+00:00,0.643585022765768,0.1575,0.1615,0.15988636,0.1595,81185.77,BTC-25DEC26,0.4379,-0.46888,259.07053,11.3,0.0,0.0040000000000000036,BTC,79789.88,0.0
2026-05-04T06:20:01.285567+00:00,BTC-8MAY26-83000-P,79812.5,BTC-8MAY26,put,83000.0,2026-05-08T08:00:00+00:00,0.011141490938252592,0.0215,0.047,0.0428732,0.03425,79812.5,BTC-8MAY26,0.35619999999999996,-0.848,19.81888,6.0,6.0,0.025500000000000002,BTC,79789.93,19233.78
2026-05-04T06:20:01.285567+00:00,BTC-29MAY26-57000-C,79867.11,BTC-29MAY26,call,57000.0,2026-05-29T08:00:00+00:00,0.06863635746802672,0.264,0.303,0.28698426,0.2835,79867.11,BTC-29MAY26,0.5891,0.98811,6.48625,0.0,0.0,0.03899999999999998,BTC,79789.93,0.0
2026-05-04T06:20:01.285567+00:00,BTC-31JUL26-85000-C,80200.85307692307,SYN.BTC-31JUL26,call,85000.0,2026-07-31T08:00:00+00:00,0.24112095705734912,0.0515,0.0525,0.052148,0.052,80200.85307692307,SYN.BTC-31JUL26,0.3895,0.4171,153.72299,14.1,0.3,0.0010000000000000009,BTC,79789.93,1221.23
2026-05-04T06:20:01.285567+00:00,BTC-25SEP26-84000-P,80503.32,BTC-25SEP26,put,84000.0,2026-09-25T08:00:00+00:00,0.3944406011367468,0.127,0.1285,0.12800592,0.12775,80503.32,BTC-25SEP26,0.4107,-0.51459,201.59446,34.5,0.0,0.0015000000000000013,BTC,79789.93,0.0
2026-05-04T06:20:01.285567+00:00,BTC-22MAY26-74000-C,79845.32,SYN.BTC-22MAY26,call,74000.0,2026-05-22T08:00:00+00:00,0.049471401958102006,0.079,0.086,0.08284262,0.0825,79845.32,SYN.BTC-22MAY26,0.4048,0.81215,47.85803,0.0,0.0,0.006999999999999992,BTC,79789.12,0.0
2026-05-04T06:20:01.285567+00:00,BTC-26MAR27-180000-P,81859.23,BTC-26MAR27,put,180000.0,2027-03-26T08:00:00+00:00,0.8927294443947892,1.117,1.3145,1.20706283,1.21575,81859.23,BTC-26MAR27,0.4543,-0.94751,82.92523,0.0,0.0,0.1975,BTC,79789.12,0.0
2026-05-04T06:20:01.285567+00:00,BTC-26JUN26-340000-P,80008.94,BTC-26JUN26,put,340000.0,2026-06-26T08:00:00+00:00,0.14529617950772558,3.0855,3.4265,3.24955633,3.256,80008.94,BTC-26JUN26,1.0206,-0.99979,0.24505,0.0,0.0,0.34099999999999975,BTC,79789.12,0.0
2026-05-04T06:20:01.285567+00:00,BTC-15MAY26-78000-P,79823.91,BTC-15MAY26,put,78000.0,2026-05-15T08:00:00+00:00,0.030306446448177298,0.016,0.0165,0.01644154,0.01625,79823.91,BTC-15MAY26,0.3832,-0.35322,51.64941,219.8,56.6,0.0005000000000000004,BTC,79789.12,87774.99
2026-05-04T06:20:01.285567+00:00,BTC-26JUN26-165000-P,80008.94,BTC-26JUN26,put,165000.0,2026-06-26T08:00:00+00:00,0.14529617950772558,0.983,1.1495,1.06241619,1.06625,80008.94,BTC-26JUN26,0.6364,-0.99789,2.02625,0.5,0.0,0.16649999999999998,BTC,79789.12,0.0
2026-05-04T06:20:01.285567+00:00,BTC-6MAY26-71000-C,79806.32,index_price,call,71000.0,2026-05-06T08:00:00+00:00,0.005665789363988389,0.1095,0.112,0.11040483,0.11075,,,0.6674,0.99056,1.52209,25.3,25.3,0.0025000000000000022,BTC,79790.29,202880.3
2026-05-04T06:20:01.285567+00:00,BTC-6MAY26-82000-C,79806.32,index_price,call,82000.0,2026-05-06T08:00:00+00:00,0.005665789363988389,0.0024,0.0027,0.00248067,0.00255,,,0.3713,0.16782,15.07783,93.1,98.0,0.00030000000000000035,BTC,79790.29,13048.81
2026-05-04T06:20:01.285567+00:00,BTC-31JUL26-102000-P,80200.85307692307,SYN.BTC-31JUL26,put,102000.0,2026-07-31T08:00:00+00:00,0.24112095705734912,0.2465,0.3,0.28190233,0.27325,80200.85307692307,SYN.BTC-31JUL26,0.38280000000000003,-0.88217,77.77978,0.1,0.0,0.05349999999999999,BTC,79790.29,0.0
2026-05-04T06:20:01.285567+00:00,BTC-22MAY26-86000-P,79845.32,SYN.BTC-22MAY26,put,86000.0,2026-05-22T08:00:00+00:00,0.049471401958102006,0.081,0.09,0.08545021,0.0855,79845.32,SYN.BTC-22MAY26,0.3671,-0.80801,48.50885,0.0,0.0,0.008999999999999994,BTC,79790.29,0.0
2026-05-04T06:20:01.285567+00:00,BTC-31JUL26-92000-P,80200.85307692307,SYN.BTC-31JUL26,put,92000.0,2026-07-31T08:00:00+00:00,0.24112095705734912,0.1705,0.1775,0.17441003,0.174,80200.85307692307,SYN.BTC-31JUL26,0.38280000000000003,-0.738,128.25958,0.1,0.0,0.0069999999999999785,BTC,79790.29,0.0
2026-05-04T06:20:01.285567+00:00,BTC-5MAY26-82000-P,79806.32,index_price,put,82000.0,2026-05-05T08:00:00+00:00,0.002927938576856288,0.006,0.032,0.0286943,0.019,,,0.3908,-0.89975,7.59333,0.0,0.0,0.026000000000000002,BTC,79790.29,0.0
2026-05-04T06:20:01.285567+00:00,BTC-25SEP26-150000-C,80503.27,BTC-25SEP26,call,150000.0,2026-09-25T08:00:00+00:00,0.3944406011367468,0.0013,0.0016,0.00137113,0.00145,80503.27,BTC-25SEP26,0.43189999999999995,0.01544,19.62876,542.7,0.8,0.00030000000000000014,BTC,79790.29,84.29
2026-05-04T06:20:01.285567+00:00,BTC-26JUN26-125000-P,80008.94,BTC-26JUN26,put,125000.0,2026-06-26T08:00:00+00:00,0.14529617950772558,0.5555,0.5675,0.56275201,0.5615,80008.94,BTC-26JUN26,0.46520000000000006,-0.9924,6.39093,75.5,0.0,0.01200000000000001,BTC,79790.7,0.0
2026-05-04T06:20:01.285567+00:00,BTC-7MAY26-71000-C,79806.09,index_price,call,71000.0,2026-05-07T08:00:00+00:00,0.008403640151120492,0.0885,0.124,0.11066627,0.10625,,,0.5981000000000001,0.98448,2.85325,0.0,0.0,0.035500000000000004,BTC,79790.29,0.0
2026-05-04T06:20:01.285567+00:00,BTC-25SEP26-165000-P,80503.32,BTC-25SEP26,put,165000.0,2026-09-25T08:00:00+00:00,0.3944406011367468,0.971,1.1395,1.05034286,1.05525,80503.32,BTC-25SEP26,0.455,-0.99105,12.23562,0.0,0.0,0.16849999999999998,BTC,79790.29,0.0
2026-05-04T06:20:01.285567+00:00,BTC-25SEP26-60000-C,80503.32,BTC-25SEP26,call,60000.0,2026-09-25T08:00:00+00:00,0.3944406011367468,0.275,0.28,0.27789125,0.2775,80503.32,BTC-25SEP26,0.48450000000000004,0.86809,108.05297,233.2,0.0,0.0050000000000000044,BTC,79790.7,0.0
2026-05-04T06:20:01.285567+00:00,BTC-25SEP26-110000-P,80503.32,BTC-25SEP26,put,110000.0,2026-09-25T08:00:00+00:00,0.3944406011367468,0.3755,0.3875,0.38106815,0.3815,80503.32,BTC-25SEP26,0.39759999999999995,-0.86985,107.05429,117.2,0.0,0.01200000000000001,BTC,79790.7,0.0
2026-05-04T06:20:01.285567+00:00,BTC-22MAY26-82000-P,79845.32,SYN.BTC-22MAY26,put,82000.0,2026-05-22T08:00:00+00:00,0.049471401958102006,0.0465,0.0495,0.0484626,0.048,79845.32,SYN.BTC-22MAY26,0.3697,-0.61217,68.04046,0.0,0.0,0.0030000000000000027,BTC,79790.7,0.0
2026-05-04T06:20:01.285567+00:00,BTC-26JUN26-380000-P,80008.94,BTC-26JUN26,put,380000.0,2026-06-26T08:00:00+00:00,0.14529617950772558,3.723,3.7685,3.74948895,3.74575,80008.94,BTC-26JUN26,1.0224,-0.99993,0.08833,0.2,0.0,0.045500000000000096,BTC,79794.3,0.0
2026-05-04T06:20:01.285567+00:00,BTC-25DEC26-130000-C,81185.77,BTC-25DEC26,call,130000.0,2026-12-25T08:00:00+00:00,0.643585022765768,0.0165,0.0175,0.01686799,0.017,81185.77,BTC-25DEC26,0.42829999999999996,0.1154,126.74794,1737.2,3.5,0.0010000000000000009,BTC,79790.7,4091.94
2026-05-04T06:20:01.285567+00:00,BTC-25SEP26-240000-C,80503.32,BTC-25SEP26,call,240000.0,2026-09-25T08:00:00+00:00,0.3944406011367468,0.0001,0.0002,9.542e-05,0.00015,80503.32,BTC-25SEP26,0.5382,0.0011,1.8589,249.5,0.0,0.0001,BTC,79790.7,0.0
2026-05-04T06:20:01.285567+00:00,BTC-7MAY26-72000-C,79806.09,index_price,call,72000.0,2026-05-07T08:00:00+00:00,0.008403640151120492,0.066,0.128,0.09824613,0.097,,,0.5615,0.97846,3.77307,0.0,0.0,0.062,BTC,79794.3,0.0
2026-05-04T06:20:01.285567+00:00,BTC-31JUL26-84000-P,80200.85307692307,SYN.BTC-31JUL26,put,84000.0,2026-07-31T08:00:00+00:00,0.24112095705734912,0.1035,0.105,0.10423984,0.10425,80200.85307692307,SYN.BTC-31JUL26,0.3908,-0.55816,155.45592,0.1,0.0,0.0015000000000000013,BTC,79794.3,0.0
2026-05-04T06:20:01.285567+00:00,BTC-26MAR27-92000-C,81859.23,BTC-26MAR27,call,92000.0,2027-03-26T08:00:00+00:00,0.8927294443947892,0.1185,0.122,0.12047525,0.12025,81859.23,BTC-26MAR27,0.442,0.47166,307.834,64.7,0.2,0.003500000000000003,BTC,79794.3,1822.34
2026-05-04T06:20:01.285567+00:00,BTC-4MAY26-75500-C,79806.09,index_price,call,75500.0,2026-05-04T08:00:00+00:00,0.0001900877897241869,0.023,0.0765,0.05394105,0.04975,,,0.6053999999999999,1.0,0.0,0.0,0.0,0.0535,BTC,79794.3,0.0
2026-05-04T06:20:01.285567+00:00,BTC-31JUL26-104000-P,80200.85307692307,SYN.BTC-31JUL26,put,104000.0,2026-07-31T08:00:00+00:00,0.24112095705734912,0.3,0.36,0.30510153,0.33,80200.85307692307,SYN.BTC-31JUL26,0.3849,-0.89983,69.2104,0.0,0.0,0.06,BTC,79794.34,0.0
2026-05-04T06:20:01.285567+00:00,BTC-7MAY26-80000-P,79806.09,index_price,put,80000.0,2026-05-07T08:00:00+00:00,0.008403640151120492,0.014,0.0145,0.01431655,0.01425,,,0.35700000000000004,-0.52484,29.13553,0.4,0.4,0.0005000000000000004,BTC,79794.34,401.48
2026-05-04T06:20:01.285567+00:00,BTC-26MAR27-96000-P,81859.23,BTC-26MAR27,put,96000.0,2027-03-26T08:00:00+00:00,0.8927294443947892,0.2725,0.284,0.27776395,0.27825,81859.23,BTC-26MAR27,0.43920000000000003,-0.57016,303.82924,0.4,0.0,0.011499999999999955,BTC,79794.34,0.0
2026-05-04T06:20:01.285567+00:00,BTC-4MAY26-76000-C,79806.09,index_price,call,76000.0,2026-05-04T08:00:00+00:00,0.0001900877897241869,0.0325,0.0615,0.04767575,0.047,,,0.6053999999999999,1.0,0.0,2.1,0.1,0.028999999999999998,BTC,79794.34,271.44
2026-05-04T06:20:01.285567+00:00,BTC-29MAY26-80000-P,79866.82,BTC-29MAY26,put,80000.0,2026-05-29T08:00:00+00:00,0.06863635746802672,0.04,0.0405,0.04041973,0.04025,79866.82,BTC-29MAY26,0.3785,-0.48739,83.4517,162.8,50.7,0.0005000000000000004,BTC,79794.34,166775.11
2026-05-04T06:20:01.285567+00:00,BTC-25SEP26-115000-P,80503.32,BTC-25SEP26,put,115000.0,2026-09-25T08:00:00+00:00,0.3944406011367468,0.433,0.4455,0.43886202,0.43925,80503.32,BTC-25SEP26,0.39890000000000003,-0.90286,86.8817,91.7,0.0,0.012500000000000011,BTC,79794.34,0.0
2026-05-04T06:20:01.285567+00:00,BTC-22MAY26-81000-C,79845.32,SYN.BTC-22MAY26,call,81000.0,2026-05-22T08:00:00+00:00,0.049471401958102006,0.026,0.027,0.026642,0.0265,79845.32,SYN.BTC-22MAY26,0.3734,0.44717,70.24268,118.3,67.4,0.0010000000000000009,BTC,79794.34,141838.18
2026-05-04T06:20:01.285567+00:00,BTC-7MAY26-70000-C,79806.09,index_price,call,70000.0,2026-05-07T08:00:00+00:00,0.008403640151120492,0.1095,0.1315,0.1231863,0.1205,,,0.6573,0.98621,2.57778,0.0,0.0,0.022000000000000006,BTC,79794.34,0.0
2026-05-04T06:20:01.285567+00:00,BTC-7MAY26-70000-P,79806.09,index_price,put,70000.0,2026-05-07T08:00:00+00:00,0.008403640151120492,0.0002,0.0004,0.0002958,0.0003,,,0.6573,-0.01379,2.57778,20.0,20.0,0.0002,BTC,79794.34,473.09
2026-05-04T06:20:01.285567+00:00,BTC-26JUN26-60000-C,80008.94,BTC-26JUN26,call,60000.0,2026-06-26T08:00:00+00:00,0.14529617950772558,0.2535,0.257,0.25536979,0.25525,80008.94,BTC-26JUN26,0.5132,0.94157,35.58692,471.7,0.0,0.003500000000000003,BTC,79794.34,0.0
2026-05-04T06:20:01.285567+00:00,BTC-25SEP26-75000-C,80503.32,BTC-25SEP26,call,75000.0,2026-09-25T08:00:00+00:00,0.3944406011367468,0.139,0.143,0.14116967,0.141,80503.32,BTC-25SEP26,0.4286,0.65433,186.45175,1666.3,0.3,0.003999999999999976,BTC,79794.34,3248.09
2026-05-04T06:20:01.285567+00:00,BTC-31JUL26-105000-P,80200.85307692307,SYN.BTC-31JUL26,put,105000.0,2026-07-31T08:00:00+00:00,0.24112095705734912,0.283,0.3745,0.31674238,0.32875,80200.85307692307,SYN.BTC-31JUL26,0.3851,-0.90828,64.86962,0.0,0.0,0.09150000000000003,BTC,79794.34,0.0
2026-05-04T06:20:01.285567+00:00,BTC-26JUN26-190000-C,80008.94,BTC-26JUN26,call,190000.0,2026-06-26T08:00:00+00:00,0.14529617950772558,0.0001,0.0003,0.00014101,0.0002,80008.94,BTC-26JUN26,0.7448,0.00184,1.79584,542.2,0.0,0.00019999999999999998,BTC,79794.53,0.0
2026-05-04T06:20:01.285567+00:00,BTC-26MAR27-65000-P,81859.23,BTC-26MAR27,put,65000.0,2027-03-26T08:00:00+00:00,0.8927294443947892,0.076,0.0785,0.07742253,0.07725,81859.23,BTC-26MAR27,0.4783,-0.23092,235.42361,49.7,13.3,0.0025000000000000022,BTC,79794.53,84840.48
2026-05-04T06:20:01.285567+00:00,BTC-31JUL26-66000-C,80200.85307692307,SYN.BTC-31JUL26,call,66000.0,2026-07-31T08:00:00+00:00,0.24112095705734912,0.194,0.2305,0.19775691,0.21225,80200.85307692307,SYN.BTC-31JUL26,0.4497,0.8394,96.07187,0.0,0.0,0.036500000000000005,BTC,79794.53,0.0
2026-05-04T06:20:01.285567+00:00,BTC-25DEC26-210000-C,81185.77,BTC-25DEC26,call,210000.0,2026-12-25T08:00:00+00:00,0.643585022765768,0.0015,0.0018,0.00159855,0.00165,81185.77,BTC-25DEC26,0.48960000000000004,0.01312,21.97353,134.6,0.0,0.0002999999999999999,BTC,79794.34,0.0
2026-05-04T06:20:01.285567+00:00,BTC-25DEC26-92000-C,81185.77,BTC-25DEC26,call,92000.0,2026-12-25T08:00:00+00:00,0.643585022765768,0.088,0.0895,0.08872177,0.08875,81185.77,BTC-25DEC26,0.42950000000000005,0.42428,255.18489,138.1,0.0,0.0015000000000000013,BTC,79794.53,0.0
2026-05-04T06:20:01.285567+00:00,BTC-4MAY26-81000-C,79806.09,index_price,call,81000.0,2026-05-04T08:00:00+00:00,0.0001900877897241869,,0.0001,5.56e-06,,,,0.3969,0.00311,0.10406,138.3,97.8,,BTC,79794.53,4568.42
2026-05-04T06:20:01.285567+00:00,BTC-25SEP26-240000-P,80503.32,BTC-25SEP26,put,240000.0,2026-09-25T08:00:00+00:00,0.3944406011367468,1.867,2.106,1.98126597,1.9865,80503.32,BTC-25SEP26,0.5382,-0.9989,1.86001,0.0,0.0,0.23899999999999988,BTC,79794.53,0.0
2026-05-04T06:20:01.285567+00:00,BTC-26JUN26-120000-C,80008.94,BTC-26JUN26,call,120000.0,2026-06-26T08:00:00+00:00,0.14529617950772558,0.0005,0.0008,0.0006239,0.00065,80008.94,BTC-26JUN26,0.44880000000000003,0.01119,8.96856,2162.6,40.1,0.00030000000000000003,BTC,79794.63,2244.19
2026-05-04T06:20:01.285567+00:00,BTC-26MAR27-90000-C,81859.23,BTC-26MAR27,call,90000.0,2027-03-26T08:00:00+00:00,0.8927294443947892,0.127,0.1305,0.12893706,0.12875,81859.23,BTC-26MAR27,0.4436,0.49326,308.57306,60.5,0.5,0.003500000000000003,BTC,79794.63,5286.63
2026-05-04T06:20:01.285567+00:00,BTC-4MAY26-70000-C,79806.09,index_price,call,70000.0,2026-05-04T08:00:00+00:00,0.0001900877897241869,0.088,0.1535,0.12285925,0.12075,,,0.6082,1.0,0.0,0.0,0.0,0.0655,BTC,79794.63,0.0
2026-05-04T06:20:01.285567+00:00,BTC-15MAY26-92000-C,79823.91,BTC-15MAY26,call,92000.0,2026-05-15T08:00:00+00:00,0.030306446448177298,0.0006,0.0009,0.00071435,0.00075,79823.91,BTC-15MAY26,0.414,0.02656,8.54662,0.1,0.1,0.00030000000000000003,BTC,79794.63,7.22
2026-05-04T06:20:01.285567+00:00,BTC-29MAY26-66000-C,79867.11,BTC-29MAY26,call,66000.0,2026-05-29T08:00:00+00:00,0.06863635746802672,0.175,0.1795,0.17670436,0.17725,79867.11,BTC-29MAY26,0.4747,0.94456,23.4272,322.3,0.0,0.004500000000000004,BTC,79794.63,0.0
2026-05-04T06:20:01.285567+00:00,BTC-29MAY26-84000-P,79867.11,BTC-29MAY26,put,84000.0,2026-05-29T08:00:00+00:00,0.06863635746802672,0.069,0.072,0.07086379,0.0705,79867.11,BTC-29MAY26,0.3709,-0.68144,74.70261,35.9,1.8,0.002999999999999989,BTC,79794.63,9680.94
2026-05-04T06:20:01.285567+00:00,BTC-6MAY26-85000-P,79806.32,index_price,put,85000.0,2026-05-06T08:00:00+00:00,0.005665789363988389,0.0595,0.084,0.0655576,0.07175,,,0.4368,-0.97144,3.92487,0.0,0.0,0.024500000000000008,BTC,79794.48,0.0
2026-05-04T06:20:01.285567+00:00,BTC-25SEP26-95000-P,80503.32,BTC-25SEP26,put,95000.0,2026-09-25T08:00:00+00:00,0.3944406011367468,0.2185,0.2255,0.22151368,0.222,80503.32,BTC-25SEP26,0.3993,-0.70373,174.82702,160.9,0.0,0.007000000000000006,BTC,79794.63,0.0
2026-05-04T06:20:01.285567+00:00,BTC-25DEC26-86000-C,81185.77,BTC-25DEC26,call,86000.0,2026-12-25T08:00:00+00:00,0.643585022765768,0.114,0.1165,0.1150704,0.11525,81185.77,BTC-25DEC26,0.4354,0.50376,259.86995,112.2,0.0,0.0025000000000000022,BTC,79794.63,0.0
2026-05-04T06:20:01.285567+00:00,BTC-7MAY26-81500-C,79806.09,index_price,call,81500.0,2026-05-07T08:00:00+00:00,0.008403640151120492,0.005,0.0055,0.0052447,0.00525,,,0.3579,0.26508,23.9712,1.0,1.0,0.0004999999999999996,BTC,79794.48,415.33
2026-05-04T06:20:01.285567+00:00,BTC-7MAY26-75500-C,79806.09,index_price,call,75500.0,2026-05-07T08:00:00+00:00,0.008403640151120492,0.0515,0.0595,0.0552976,0.0555,,,0.4253,0.92483,10.37635,0.0,0.0,0.008,BTC,79794.48,0.0
2026-05-04T06:20:01.285567+00:00,BTC-26MAR27-160000-P,81859.18,BTC-26MAR27,put,160000.0,2027-03-26T08:00:00+00:00,0.8927294443947892,0.8855,1.0685,0.96775235,0.977,81859.18,BTC-26MAR27,0.44170000000000004,-0.91877,116.33482,0.0,0.0,0.18300000000000005,BTC,79794.48,0.0
2026-05-04T06:20:01.285567+00:00,BTC-25DEC26-74000-C,81185.54,BTC-25DEC26,call,74000.0,2026-12-25T08:00:00+00:00,0.643585022765768,0.185,0.1875,0.18610064,0.18625,81185.54,BTC-25DEC26,0.45159999999999995,0.66877,236.26543,27.3,0.0,0.0025000000000000022,BTC,79794.48,0.0
2026-05-04T06:20:01.285567+00:00,BTC-26JUN26-40000-P,80008.94,BTC-26JUN26,put,40000.0,2026-06-26T08:00:00+00:00,0.14529617950772558,0.0005,0.0008,0.00067177,0.00065,80008.94,BTC-26JUN26,0.7764,-0.0064,5.48803,1679.2,0.1,0.00030000000000000003,BTC,79795.31,5.5
2026-05-04T06:20:01.285567+00:00,BTC-6MAY26-79000-P,79806.32,index_price,put,79000.0,2026-05-06T08:00:00+00:00,0.005665789363988389,0.0065,0.007,0.00675408,0.00675,,,0.3693,-0.3541,22.34861,15.2,27.0,0.0005000000000000004,BTC,79795.31,20508.2
2026-05-04T06:20:01.285567+00:00,BTC-31JUL26-73000-P,80200.85307692307,SYN.BTC-31JUL26,put,73000.0,2026-07-31T08:00:00+00:00,0.24112095705734912,0.041,0.0415,0.04127873,0.04125,80200.85307692307,SYN.BTC-31JUL26,0.4183,-0.28781,134.34926,8.7,4.3,0.0005000000000000004,BTC,79795.31,14670.07
2026-05-04T06:20:01.285567+00:00,BTC-6MAY26-81500-C,79806.32,index_price,call,81500.0,2026-05-06T08:00:00+00:00,0.005665789363988389,0.0034,0.0037,0.00362666,0.00355,,,0.3693,0.22791,18.15121,0.0,0.0,0.00030000000000000035,BTC,79795.31,0.0
2026-05-04T06:20:01.285567+00:00,BTC-25SEP26-58000-P,80503.32,BTC-25SEP26,put,58000.0,2026-09-25T08:00:00+00:00,0.3944406011367468,0.019,0.02,0.01965745,0.0195,80503.32,BTC-25SEP26,0.495,-0.11325,97.09153,561.2,0.2,0.0010000000000000009,BTC,79795.31,323.08
2026-05-04T06:20:01.285567+00:00,BTC-8MAY26-79000-P,79812.55,BTC-8MAY26,put,79000.0,2026-05-08T08:00:00+00:00,0.011141490938252592,0.0105,0.011,0.0107862,0.01075,79812.55,BTC-8MAY26,0.3663,-0.38953,32.31876,109.4,53.7,0.0004999999999999987,BTC,79795.31,61656.41
2026-05-04T06:20:01.285567+00:00,BTC-25DEC26-54000-C,81185.54,BTC-25DEC26,call,54000.0,2026-12-25T08:00:00+00:00,0.643585022765768,0.3605,0.366,0.36319377,0.36325,81185.54,BTC-25DEC26,0.5145000000000001,0.88372,127.44516,9.8,0.0,0.005500000000000005,BTC,79795.31,0.0
2026-05-04T06:20:01.285567+00:00,BTC-26JUN26-300000-P,80008.94,BTC-26JUN26,put,300000.0,2026-06-26T08:00:00+00:00,0.14529617950772558,2.605,2.906,2.74961693,2.7555,80008.94,BTC-26JUN26,0.9576,-0.99971,0.33104,0.0,0.0,0.30100000000000016,BTC,79796.43,0.0
2026-05-04T06:20:01.285567+00:00,BTC-25DEC26-200000-C,81185.54,BTC-25DEC26,call,200000.0,2026-12-25T08:00:00+00:00,0.643585022765768,0.0017,0.002,0.00193011,0.00185,81185.54,BTC-25DEC26,0.47979999999999995,0.01582,25.82354,922.7,0.0,0.00030000000000000014,BTC,79795.31,0.0
2026-05-04T06:20:01.285567+00:00,BTC-29MAY26-94000-P,79867.11,BTC-29MAY26,put,94000.0,2026-05-29T08:00:00+00:00,0.06863635746802672,0.163,0.2015,0.17956443,0.18225,79867.11,BTC-29MAY26,0.39030000000000004,-0.93851,25.41407,1.6,0.0,0.038500000000000006,BTC,79796.43,0.0
2026-05-04T06:20:01.285567+00:00,BTC-4MAY26-72000-P,79806.09,index_price,put,72000.0,2026-05-04T08:00:00+00:00,0.0001900877897241869,,0.0001,0.0,,,,0.6082,0.0,0.0,26.7,0.0,,BTC,79796.43,0.0
2026-05-04T06:20:01.285567+00:00,BTC-6MAY26-72000-P,79806.32,index_price,put,72000.0,2026-05-06T08:00:00+00:00,0.005665789363988389,0.0002,0.0004,0.00030653,0.0003,,,0.6520999999999999,-0.017,2.53332,43.8,44.8,0.0002,BTC,79796.27,978.24
2026-05-04T06:20:01.285567+00:00,BTC-29MAY26-95000-C,79867.11,BTC-29MAY26,call,95000.0,2026-05-29T08:00:00+00:00,0.06863635746802672,0.0021,0.0024,0.00217575,0.00225,79867.11,BTC-29MAY26,0.3946,0.05192,22.24449,1464.0,0.4,0.0002999999999999999,BTC,79796.43,59.51
2026-05-04T06:20:01.285567+00:00,BTC-4MAY26-76500-C,79806.09,index_price,call,76500.0,2026-05-04T08:00:00+00:00,0.0001900877897241869,0.04,0.043,0.04141046,0.0415,,,0.6053000000000001,1.0,1e-05,13.1,0.9,0.0029999999999999957,BTC,79796.27,2197.52
2026-05-04T06:20:01.285567+00:00,BTC-22MAY26-76000-P,79845.32,SYN.BTC-22MAY26,put,76000.0,2026-05-22T08:00:00+00:00,0.049471401958102006,0.0145,0.0155,0.01515359,0.015,79845.32,SYN.BTC-22MAY26,0.392,-0.27141,58.88689,48.8,10.0,0.0009999999999999992,BTC,79796.27,13649.09
2026-05-04T06:20:01.285567+00:00,BTC-26JUN26-86000-P,80008.71,BTC-26JUN26,put,86000.0,2026-06-26T08:00:00+00:00,0.14529617950772558,0.103,0.106,0.10453734,0.1045,80008.71,BTC-26JUN26,0.37929999999999997,-0.66558,111.05725,6.6,0.0,0.0030000000000000027,BTC,79796.27,0.0
2026-05-04T06:20:01.285567+00:00,BTC-29MAY26-84000-C,79866.82,BTC-29MAY26,call,84000.0,2026-05-29T08:00:00+00:00,0.06863635746802672,0.019,0.0195,0.01912606,0.01925,79866.82,BTC-29MAY26,0.3709,0.31865,74.71158,2281.1,120.8,0.0005000000000000004,BTC,79796.27,168597.84
2026-05-04T06:20:01.285567+00:00,BTC-25SEP26-320000-C,80503.32,BTC-25SEP26,call,320000.0,2026-09-25T08:00:00+00:00,0.3944406011367468,,0.0004,0.00010484,,80503.32,BTC-25SEP26,0.6659999999999999,0.001,1.70715,280.2,0.0,,BTC,79796.27,0.0
2026-05-04T06:20:01.285567+00:00,BTC-29MAY26-100000-P,79867.11,BTC-29MAY26,put,100000.0,2026-05-29T08:00:00+00:00,0.06863635746802672,0.227,0.2845,0.25296507,0.25575,79867.11,BTC-29MAY26,0.4175,-0.97721,11.31529,11.3,0.1,0.05749999999999997,BTC,79796.27,2013.02
2026-05-04T06:20:01.285567+00:00,BTC-8MAY26-65000-C,79812.5,BTC-8MAY26,call,65000.0,2026-05-08T08:00:00+00:00,0.011141490938252592,0.1845,0.1875,0.1857551,0.186,79812.5,BTC-8MAY26,0.7786,0.99442,1.3422,3.6,0.0,0.0030000000000000027,BTC,79796.29,0.0
2026-05-04T06:20:01.285567+00:00,BTC-15MAY26-90000-C,79823.91,BTC-15MAY26,call,90000.0,2026-05-15T08:00:00+00:00,0.030306446448177298,0.0011,0.0014,0.00120271,0.00125,79823.91,BTC-15MAY26,0.3953,0.04369,12.86415,148.6,37.1,0.0002999999999999999,BTC,79796.29,3288.34
2026-05-04T06:20:01.285567+00:00,BTC-5MAY26-80000-C,79806.32,index_price,call,80000.0,2026-05-05T08:00:00+00:00,0.002927938576856288,0.006,0.007,0.00659218,0.0065,,,0.3625,0.45219,17.10214,254.3,54.5,0.001,BTC,79796.29,26292.04
2026-05-04T06:20:01.285567+00:00,BTC-25DEC26-45000-C,81185.77,BTC-25DEC26,call,45000.0,2026-12-25T08:00:00+00:00,0.643585022765768,0.46,0.463,0.46081018,0.4615,81185.77,BTC-25DEC26,0.5654,0.93664,80.97306,48.3,0.0,0.0030000000000000027,BTC,79796.29,0.0
2026-05-04T06:20:01.285567+00:00,BTC-26JUN26-360000-C,80008.71,BTC-26JUN26,call,360000.0,2026-06-26T08:00:00+00:00,0.14529617950772558,,0.0001,1.08e-05,,80008.71,BTC-26JUN26,1.0224,0.00012,0.14829,174.2,0.0,,BTC,79796.07,0.0
2026-05-04T06:20:01.285567+00:00,BTC-7MAY26-88000-P,79806.09,index_price,put,88000.0,2026-05-07T08:00:00+00:00,0.008403640151120492,0.0705,0.1425,0.10291656,0.1065,,,0.4946,-0.98355,2.99974,0.0,0.0,0.072,BTC,79796.29,0.0
2026-05-04T06:20:01.285567+00:00,BTC-26JUN26-74000-C,80008.94,BTC-26JUN26,call,74000.0,2026-06-26T08:00:00+00:00,0.14529617950772558,0.103,0.106,0.10421441,0.1045,80008.94,BTC-26JUN26,0.4053,0.71967,102.74334,793.9,0.0,0.0030000000000000027,BTC,79796.07,0.0
2026-05-04T06:20:01.285567+00:00,BTC-22MAY26-72000-C,79846.565,SYN.BTC-22MAY26,call,72000.0,2026-05-22T08:00:00+00:00,0.049471401958102006,0.079,0.133,0.10426714,0.106,79846.565,SYN.BTC-22MAY26,0.4201,0.87543,36.47849,0.0,0.0,0.054000000000000006,BTC,79796.07,0.0
2026-05-04T06:20:01.285567+00:00,BTC-15MAY26-76000-P,79823.91,BTC-15MAY26,put,76000.0,2026-05-15T08:00:00+00:00,0.030306446448177298,0.009,0.0095,0.00937963,0.00925,79823.91,BTC-15MAY26,0.3953,-0.22779,41.97658,574.6,75.3,0.0005000000000000004,BTC,79796.07,57437.51
2026-05-04T06:20:01.285567+00:00,BTC-29MAY26-86000-C,79867.11,BTC-29MAY26,call,86000.0,2026-05-29T08:00:00+00:00,0.06863635746802672,0.0125,0.0135,0.01299937,0.013,79867.11,BTC-29MAY26,0.3712,0.23803,64.77006,892.5,36.2,0.0009999999999999992,BTC,79796.07,36218.94
2026-05-04T06:20:01.285567+00:00,BTC-7MAY26-84000-C,79806.09,index_price,call,84000.0,2026-05-07T08:00:00+00:00,0.008403640151120492,0.0011,0.0013,0.00115437,0.0012,,,0.3824,0.07413,10.26521,35.8,35.8,0.00019999999999999987,BTC,79796.07,1821.1
2026-05-04T06:20:01.285567+00:00,BTC-25DEC26-68000-P,81185.77,BTC-25DEC26,put,68000.0,2026-12-25T08:00:00+00:00,0.643585022765768,0.068,0.07,0.06924292,0.069,81185.77,BTC-25DEC26,0.4635,-0.25394,208.7302,237.7,0.2,0.0020000000000000018,BTC,79796.07,1160.1
2026-05-04T06:20:01.285567+00:00,BTC-6MAY26-85000-C,79806.32,index_price,call,85000.0,2026-05-06T08:00:00+00:00,0.005665789363988389,0.0003,0.0005,0.00035584,0.0004,,,0.4368,0.02868,3.9371,2.8,2.8,0.00020000000000000004,BTC,79795.99,76.59
2026-05-04T06:20:01.285567+00:00,BTC-31JUL26-87000-C,80200.85307692307,SYN.BTC-31JUL26,call,87000.0,2026-07-31T08:00:00+00:00,0.24112095705734912,0.043,0.044,0.04357665,0.0435,80200.85307692307,SYN.BTC-31JUL26,0.38670000000000004,0.36913,148.60994,302.7,126.8,0.0010000000000000009,BTC,79795.99,396733.68
2026-05-04T06:20:01.285567+00:00,BTC-26MAR27-98000-P,81859.23,BTC-26MAR27,put,98000.0,2027-03-26T08:00:00+00:00,0.8927294443947892,0.2895,0.3005,0.29515801,0.295,81859.23,BTC-26MAR27,0.4379,-0.59027,300.69404,0.1,0.0,0.01100000000000001,BTC,79795.99,0.0
2026-05-04T06:20:01.285567+00:00,BTC-25DEC26-115000-P,81185.77,BTC-25DEC26,put,115000.0,2026-12-25T08:00:00+00:00,0.643585022765768,0.3915,0.4875,0.44867521,0.4395,81185.77,BTC-25DEC26,0.4249,-0.80265,180.92187,1.2,0.0,0.09599999999999997,BTC,79795.99,0.0
2026-05-04T06:20:01.285567+00:00,BTC-31JUL26-94000-C,80200.85307692307,SYN.BTC-31JUL26,call,94000.0,2026-07-31T08:00:00+00:00,0.24112095705734912,0.022,0.023,0.02249416,0.0225,80200.85307692307,SYN.BTC-31JUL26,0.3824,0.22604,118.44466,122.5,33.5,0.0010000000000000009,BTC,79795.99,53339.16
2026-05-04T06:20:01.285567+00:00,BTC-25SEP26-84000-C,80503.27,BTC-25SEP26,call,84000.0,2026-09-25T08:00:00+00:00,0.3944406011367468,0.084,0.0855,0.08459623,0.08475,80503.27,BTC-25SEP26,0.4107,0.48552,201.61224,586.3,1.1,0.0015000000000000013,BTC,79795.99,6914.71
2026-05-04T06:20:01.285567+00:00,BTC-25DEC26-102000-P,81185.77,BTC-25DEC26,put,102000.0,2026-12-25T08:00:00+00:00,0.643585022765768,0.309,0.3755,0.31337671,0.34225,81185.77,BTC-25DEC26,0.42469999999999997,-0.69127,229.41451,0.0,0.0,0.0665,BTC,79795.99,0.0
2026-05-04T06:20:01.285567+00:00,BTC-5MAY26-69000-C,79806.32,index_price,call,69000.0,2026-05-05T08:00:00+00:00,0.002927938576856288,0.1065,0.158,0.13522779,0.13225,,,0.6364,0.99999,0.00216,0.0,0.0,0.051500000000000004,BTC,79796.76,0.0
2026-05-04T06:20:01.285567+00:00,BTC-22MAY26-68000-P,79845.32,SYN.BTC-22MAY26,put,68000.0,2026-05-22T08:00:00+00:00,0.049471401958102006,0.0023,0.0025,0.00245857,0.0024,79845.32,SYN.BTC-22MAY26,0.46409999999999996,-0.0541,19.50342,36.8,3.0,0.0002000000000000001,BTC,79796.76,624.72
2026-05-04T06:20:01.285567+00:00,BTC-6MAY26-70000-C,79806.32,index_price,call,70000.0,2026-05-06T08:00:00+00:00,0.005665789363988389,0.1185,0.1305,0.12292748,0.1245,,,0.7331,0.99188,1.3346,0.0,0.0,0.01200000000000001,BTC,79796.76,0.0
2026-05-04T06:20:01.285567+00:00,BTC-25SEP26-165000-C,80503.32,BTC-25SEP26,call,165000.0,2026-09-25T08:00:00+00:00,0.3944406011367468,0.0007,0.0008,0.0007881,0.00075,80503.32,BTC-25SEP26,0.455,0.00897,12.25322,128.2,0.0,0.00010000000000000005,BTC,79796.76,0.0
2026-05-04T06:20:01.285567+00:00,BTC-29MAY26-83000-P,79866.82,BTC-29MAY26,put,83000.0,2026-05-29T08:00:00+00:00,0.06863635746802672,0.0615,0.063,0.06228262,0.06225,79866.82,BTC-29MAY26,0.37189999999999995,-0.63571,78.61572,2.8,0.0,0.0015000000000000013,BTC,79796.76,0.0
2026-05-04T06:20:01.285567+00:00,BTC-25SEP26-65000-P,80503.32,BTC-25SEP26,put,65000.0,2026-09-25T08:00:00+00:00,0.3944406011367468,0.034,0.035,0.03466714,0.0345,80503.32,BTC-25SEP26,0.46140000000000003,-0.18874,136.66898,443.7,0.1,0.0010000000000000009,BTC,79796.76,283.92
2026-05-04T06:20:01.285567+00:00,BTC-7MAY26-76000-C,79806.09,index_price,call,76000.0,2026-05-07T08:00:00+00:00,0.008403640151120492,0.0435,0.063,0.04938103,0.05325,,,0.41009999999999996,0.90576,12.29419,0.0,0.0,0.019500000000000003,BTC,79796.94,0.0
2026-05-04T06:20:01.285567+00:00,BTC-15MAY26-74000-C,79823.86,BTC-15MAY26,call,74000.0,2026-05-15T08:00:00+00:00,0.030306446448177298,0.07,0.082,0.07831858,0.076,79823.86,BTC-15MAY26,0.4165,0.85996,30.94271,11.0,0.0,0.011999999999999997,BTC,79796.94,0.0
2026-05-04T06:20:01.285567+00:00,BTC-31JUL26-58000-C,80200.85307692307,SYN.BTC-31JUL26,call,58000.0,2026-07-31T08:00:00+00:00,0.24112095705734912,0.2825,0.321,0.28596443,0.30175,80200.85307692307,SYN.BTC-31JUL26,0.5013000000000001,0.92479,55.87633,0.0,0.0,0.038500000000000034,BTC,79796.94,0.0
2026-05-04T06:20:01.285567+00:00,BTC-26MAR27-170000-P,81859.23,BTC-26MAR27,put,170000.0,2027-03-26T08:00:00+00:00,0.8927294443947892,1.001,1.191,1.08703146,1.096,81859.23,BTC-26MAR27,0.44799999999999995,-0.93505,98.02806,0.0,0.0,0.19000000000000017,BTC,79796.94,0.0
2026-05-04T06:20:01.285567+00:00,BTC-15MAY26-70000-P,79823.86,BTC-15MAY26,put,70000.0,2026-05-15T08:00:00+00:00,0.030306446448177298,0.0016,0.0018,0.00176649,0.0017,79823.86,BTC-15MAY26,0.4703,-0.05002,14.34014,584.6,112.3,0.00019999999999999987,BTC,79796.94,18616.51
2026-05-04T06:20:01.285567+00:00,BTC-31JUL26-62000-C,80200.85307692307,SYN.BTC-31JUL26,call,62000.0,2026-07-31T08:00:00+00:00,0.24112095705734912,0.237,0.244,0.24064075,0.2405,80200.85307692307,SYN.BTC-31JUL26,0.4727,0.88946,74.32819,0.0,0.0,0.007000000000000006,BTC,79797.2,0.0
2026-05-04T06:20:01.285567+00:00,BTC-25SEP26-160000-P,80503.32,BTC-25SEP26,put,160000.0,2026-09-25T08:00:00+00:00,0.3944406011367468,0.911,1.075,0.98835878,0.993,80503.32,BTC-25SEP26,0.446,-0.98959,13.95683,0.6,0.0,0.16399999999999992,BTC,79796.94,0.0
2026-05-04T06:20:01.285567+00:00,BTC-25SEP26-80000-P,80503.32,BTC-25SEP26,put,80000.0,2026-09-25T08:00:00+00:00,0.3944406011367468,0.1,0.1015,0.10087012,0.10075,80503.32,BTC-25SEP26,0.4174,-0.4386,199.35308,883.3,20.0,0.0015000000000000013,BTC,79797.2,159641.29
2026-05-04T06:20:01.285567+00:00,BTC-29MAY26-56000-P,79866.82,BTC-29MAY26,put,56000.0,2026-05-29T08:00:00+00:00,0.06863635746802672,0.0005,0.0007,0.00060268,0.0006,79866.82,BTC-29MAY26,0.6083,-0.01054,5.84138,865.7,1.4,0.00019999999999999998,BTC,79797.2,67.96
2026-05-04T06:20:01.285567+00:00,BTC-29MAY26-52000-C,79866.82,BTC-29MAY26,call,52000.0,2026-05-29T08:00:00+00:00,0.06863635746802672,0.342,0.3555,0.34932386,0.34875,79866.82,BTC-29MAY26,0.684,0.9935,3.82246,0.0,0.0,0.013499999999999956,BTC,79797.2,0.0
2026-05-04T06:20:01.285567+00:00,BTC-26JUN26-82000-C,80008.94,BTC-26JUN26,call,82000.0,2026-06-26T08:00:00+00:00,0.14529617950772558,0.047,0.048,0.04751622,0.0475,80008.94,BTC-26JUN26,0.3843,0.46212,121.14898,708.0,20.0,0.0010000000000000009,BTC,79797.3,68928.5
2026-05-04T06:20:01.285567+00:00,BTC-22MAY26-73000-C,79853.035,SYN.BTC-22MAY26,call,73000.0,2026-05-22T08:00:00+00:00,0.049471401958102006,0.0675,0.097,0.09327102,0.08225,79853.035,SYN.BTC-22MAY26,0.4106,0.84751,41.87423,0.0,0.0,0.0295,BTC,79797.3,0.0
2026-05-04T06:20:01.285567+00:00,BTC-22MAY26-90000-C,79845.32,SYN.BTC-22MAY26,call,90000.0,2026-05-22T08:00:00+00:00,0.049471401958102006,0.0029,0.0032,0.002993,0.00305,79845.32,SYN.BTC-22MAY26,0.3746,0.08151,26.78285,35.2,11.7,0.00030000000000000035,BTC,79797.3,2632.17
2026-05-04T06:20:01.285567+00:00,BTC-25SEP26-180000-C,80503.32,BTC-25SEP26,call,180000.0,2026-09-25T08:00:00+00:00,0.3944406011367468,0.0004,0.0008,0.00046638,0.0006,80503.32,BTC-25SEP26,0.4742,0.00535,7.76999,751.9,0.0,0.0004,BTC,79797.3,0.0
2026-05-04T06:20:01.285567+00:00,BTC-6MAY26-86000-C,79806.32,index_price,call,86000.0,2026-05-06T08:00:00+00:00,0.005665789363988389,0.0002,0.0004,0.00024409,0.0003,,,0.47479999999999994,0.01881,2.76137,0.7,0.7,0.0002,BTC,79797.3,15.8
2026-05-04T06:20:01.285567+00:00,BTC-22MAY26-77000-C,79845.32,SYN.BTC-22MAY26,call,77000.0,2026-05-22T08:00:00+00:00,0.049471401958102006,0.0535,0.056,0.05446039,0.05475,79845.32,SYN.BTC-22MAY26,0.3865,0.67864,63.6369,41.9,10.0,0.0025000000000000022,BTC,79797.3,34815.63
2026-05-04T06:20:01.285567+00:00,BTC-26MAR27-90000-P,81859.18,BTC-26MAR27,put,90000.0,2027-03-26T08:00:00+00:00,0.8927294443947892,0.225,0.234,0.22838345,0.2295,81859.18,BTC-26MAR27,0.4436,-0.50669,308.59243,13.6,0.0,0.009000000000000008,BTC,79797.3,0.0
2026-05-04T06:20:01.285567+00:00,BTC-29MAY26-96000-P,79866.82,BTC-29MAY26,put,96000.0,2026-05-29T08:00:00+00:00,0.06863635746802672,0.169,0.228,0.2039101,0.1985,79866.82,BTC-29MAY26,0.4036,-0.95411,20.15391,0.7,0.0,0.059,BTC,79797.3,0.0
2026-05-04T06:20:01.285567+00:00,BTC-29MAY26-90000-C,79866.82,BTC-29MAY26,call,90000.0,2026-05-29T08:00:00+00:00,0.06863635746802672,0.0055,0.006,0.00577261,0.00575,79866.82,BTC-29MAY26,0.377,0.12295,42.58871,1349.2,59.9,0.0005000000000000004,BTC,79797.3,23478.6
2026-05-04T06:20:01.285567+00:00,BTC-5MAY26-76500-P,79806.32,index_price,put,76500.0,2026-05-05T08:00:00+00:00,0.002927938576856288,0.0004,0.0006,0.0004976,0.0005,,,0.4681,-0.04656,4.20636,77.7,46.6,0.00019999999999999993,BTC,79797.08,4798.14
2026-05-04T06:20:01.285567+00:00,BTC-8MAY26-72000-C,79812.5,BTC-8MAY26,call,72000.0,2026-05-08T08:00:00+00:00,0.011141490938252592,0.0965,0.1005,0.09855622,0.0985,79812.5,BTC-8MAY26,0.5261,0.97006,5.72335,5.1,0.0,0.0040000000000000036,BTC,79797.08,0.0
2026-05-04T06:20:01.285567+00:00,BTC-4MAY26-82000-P,79806.09,index_price,put,82000.0,2026-05-04T08:00:00+00:00,0.0001900877897241869,0.017,0.068,0.02750792,0.0425,,,0.5305,-0.99991,0.00406,0.0,0.0,0.051000000000000004,BTC,79797.08,0.0
2026-05-04T06:20:01.285567+00:00,BTC-26JUN26-90000-P,80008.94,BTC-26JUN26,put,90000.0,2026-06-26T08:00:00+00:00,0.14529617950772558,0.141,0.1445,0.14275622,0.14275,80008.94,BTC-26JUN26,0.3785,-0.7715,92.28744,1694.0,0.1,0.003500000000000003,BTC,79796.59,1238.79
2026-05-04T06:20:01.285567+00:00,BTC-31JUL26-80000-C,80200.85307692307,SYN.BTC-31JUL26,call,80000.0,2026-07-31T08:00:00+00:00,0.24112095705734912,0.0785,0.0795,0.07912381,0.079,80200.85307692307,SYN.BTC-31JUL26,0.3985,0.54381,156.19593,117.7,12.6,0.0010000000000000009,BTC,79797.08,73547.2
2026-05-04T06:20:01.285567+00:00,BTC-26MAR27-60000-P,81859.23,BTC-26MAR27,put,60000.0,2027-03-26T08:00:00+00:00,0.8927294443947892,0.0575,0.06,0.05881155,0.05875,81859.23,BTC-26MAR27,0.4907,-0.18366,205.57198,119.3,13.5,0.0024999999999999953,BTC,79796.59,65328.77
2026-05-04T06:20:01.285567+00:00,BTC-26JUN26-220000-P,80008.94,BTC-26JUN26,put,220000.0,2026-06-26T08:00:00+00:00,0.14529617950772558,1.644,1.866,1.74985671,1.755,80008.94,BTC-26JUN26,0.8619,-0.99821,1.74567,0.2,0.0,0.2220000000000002,BTC,79796.59,0.0
2026-05-04T06:20:01.285567+00:00,BTC-31JUL26-60000-C,80200.85307692307,SYN.BTC-31JUL26,call,60000.0,2026-07-31T08:00:00+00:00,0.24112095705734912,0.2595,0.266,0.2630608,0.26275,80200.85307692307,SYN.BTC-31JUL26,0.4864,0.90872,64.64053,0.0,0.0,0.006500000000000006,BTC,79796.59,0.0
2026-05-04T06:20:01.285567+00:00,BTC-25DEC26-65000-C,81185.77,BTC-25DEC26,call,65000.0,2026-12-25T08:00:00+00:00,0.643585022765768,0.2545,0.26,0.25708247,0.25725,81185.77,BTC-25DEC26,0.4715,0.78131,192.23338,257.3,0.1,0.005500000000000005,BTC,79796.59,2038.43
2026-05-04T06:20:01.285567+00:00,BTC-31JUL26-56000-C,80200.85307692307,SYN.BTC-31JUL26,call,56000.0,2026-07-31T08:00:00+00:00,0.24112095705734912,0.3055,0.3155,0.30930895,0.3105,80200.85307692307,SYN.BTC-31JUL26,0.5183,0.93798,48.15496,0.0,0.0,0.010000000000000009,BTC,79796.59,0.0
2026-05-04T06:20:01.285567+00:00,BTC-6MAY26-75500-C,79806.32,index_price,call,75500.0,2026-05-06T08:00:00+00:00,0.005665789363988389,0.0505,0.079,0.05472353,0.06475,,,0.4704,0.94325,6.85018,0.0,0.0,0.028499999999999998,BTC,79797.14,0.0
2026-05-04T06:20:01.285567+00:00,BTC-5MAY26-73000-P,79806.32,index_price,put,73000.0,2026-05-05T08:00:00+00:00,0.002927938576856288,,0.0001,5.086e-05,,,,0.6361,-0.00461,0.58068,36.3,4.3,,BTC,79797.14,47.37
2026-05-04T06:20:01.285567+00:00,BTC-25DEC26-190000-C,81185.77,BTC-25DEC26,call,190000.0,2026-12-25T08:00:00+00:00,0.643585022765768,0.0022,0.0028,0.00248999,0.0025,81185.77,BTC-25DEC26,0.4729,0.02013,31.72022,963.2,0.3,0.0005999999999999998,BTC,79796.59,53.95
2026-05-04T06:20:01.285567+00:00,BTC-25SEP26-105000-P,80503.27,BTC-25SEP26,put,105000.0,2026-09-25T08:00:00+00:00,0.3944406011367468,0.321,0.331,0.32518545,0.326,80503.27,BTC-25SEP26,0.39759999999999995,-0.82617,129.80477,104.6,0.0,0.010000000000000009,BTC,79797.14,0.0
2026-05-04T06:20:01.285567+00:00,BTC-31JUL26-60000-P,80200.85307692307,SYN.BTC-31JUL26,put,60000.0,2026-07-31T08:00:00+00:00,0.24112095705734912,0.011,0.0115,0.01120086,0.01125,80200.85307692307,SYN.BTC-31JUL26,0.4864,-0.09128,64.64254,51.4,1.1,0.0005000000000000004,BTC,79797.14,1068.09
2026-05-04T06:20:01.285567+00:00,BTC-25DEC26-230000-P,81185.77,BTC-25DEC26,put,230000.0,2026-12-25T08:00:00+00:00,0.643585022765768,1.724,1.957,1.8341307,1.8405,81185.77,BTC-25DEC26,0.5067,-0.9908,16.13708,0.0,0.0,0.2330000000000001,BTC,79797.14,0.0
2026-05-04T06:20:01.285567+00:00,BTC-25SEP26-72000-C,80503.32,BTC-25SEP26,call,72000.0,2026-09-25T08:00:00+00:00,0.3944406011367468,0.1625,0.166,0.16449524,0.16425,80503.32,BTC-25SEP26,0.4364,0.70671,174.01787,1572.8,0.0,0.003500000000000003,BTC,79797.14,0.0
2026-05-04T06:20:01.285567+00:00,BTC-5MAY26-70000-C,79806.32,index_price,call,70000.0,2026-05-05T08:00:00+00:00,0.002927938576856288,0.1185,0.1525,0.12269532,0.1355,,,0.6364,0.99993,0.01163,0.0,0.0,0.034,BTC,79796.92,0.0
2026-05-04T06:20:01.285567+00:00,BTC-25SEP26-130000-P,80503.32,BTC-25SEP26,put,130000.0,2026-09-25T08:00:00+00:00,0.3944406011367468,0.5635,0.6425,0.61891745,0.603,80503.32,BTC-25SEP26,0.41240000000000004,-0.9573,45.9451,21.9,0.0,0.07899999999999996,BTC,79797.14,0.0
2026-05-04T06:20:01.285567+00:00,BTC-25SEP26-70000-P,80503.27,BTC-25SEP26,put,70000.0,2026-09-25T08:00:00+00:00,0.3944406011367468,0.05,0.0515,0.05079768,0.05075,80503.27,BTC-25SEP26,0.4426,-0.26063,164.23639,1528.3,1.1,0.0014999999999999944,BTC,79796.92,4494.03
2026-05-04T06:20:01.285567+00:00,BTC-29MAY26-105000-C,79866.82,BTC-29MAY26,call,105000.0,2026-05-29T08:00:00+00:00,0.06863635746802672,0.0005,0.0006,0.00053123,0.00055,79866.82,BTC-29MAY26,0.4576,0.01318,7.08896,859.8,3.1,9.999999999999994e-05,BTC,79796.92,124.14
2026-05-04T06:20:01.285567+00:00,BTC-26MAR27-150000-C,81859.23,BTC-26MAR27,call,150000.0,2027-03-26T08:00:00+00:00,0.8927294443947892,0.0165,0.0185,0.01737799,0.0175,81859.23,BTC-26MAR27,0.4368,0.10372,139.42826,84.5,0.0,0.0019999999999999983,BTC,79796.92,0.0
2026-05-04T06:20:01.285567+00:00,BTC-25DEC26-45000-P,81185.77,BTC-25DEC26,put,45000.0,2026-12-25T08:00:00+00:00,0.643585022765768,0.0145,0.0155,0.01509595,0.015,81185.77,BTC-25DEC26,0.5654,-0.06335,80.96281,1960.2,1.7,0.0009999999999999992,BTC,79796.92,2072.15
2026-05-04T06:20:01.285567+00:00,BTC-26JUN26-115000-C,80008.94,BTC-26JUN26,call,115000.0,2026-06-26T08:00:00+00:00,0.14529617950772558,0.0008,0.0011,0.0009268,0.00095,80008.94,BTC-26JUN26,0.4302,0.01659,12.59799,2432.7,20.6,0.00030000000000000003,BTC,79797.1,1518.38
2026-05-04T06:20:01.285567+00:00,BTC-4MAY26-79500-C,79806.09,index_price,call,79500.0,2026-05-04T08:00:00+00:00,0.0001900877897241869,0.0037,0.0049,0.00452786,0.0043,,,0.3797,0.76402,3.3732,101.6,85.7,0.0011999999999999997,BTC,79797.1,22419.4
2026-05-04T06:20:01.285567+00:00,BTC-26JUN26-68000-P,80008.94,BTC-26JUN26,put,68000.0,2026-06-26T08:00:00+00:00,0.14529617950772558,0.013,0.014,0.01366079,0.0135,80008.94,BTC-26JUN26,0.4404,-0.14633,69.9564,2355.9,18.8,0.0010000000000000009,BTC,79797.1,24849.89
2026-05-04T06:20:01.285567+00:00,BTC-29MAY26-94000-C,79866.82,BTC-29MAY26,call,94000.0,2026-05-29T08:00:00+00:00,0.06863635746802672,0.0025,0.0028,0.00261982,0.00265,79866.82,BTC-29MAY26,0.39030000000000004,0.06152,25.42444,1164.9,10.0,0.0002999999999999999,BTC,79797.1,1869.45
2026-05-04T06:20:01.285567+00:00,BTC-29MAY26-69000-C,79866.82,BTC-29MAY26,call,69000.0,2026-05-29T08:00:00+00:00,0.06863635746802672,0.1395,0.144,0.14144514,0.14175,79866.82,BTC-29MAY26,0.4437,0.90592,35.12065,538.2,0.0,0.004499999999999976,BTC,79797.1,0.0
2026-05-04T06:20:01.285567+00:00,BTC-5MAY26-85000-C,79806.32,index_price,call,85000.0,2026-05-05T08:00:00+00:00,0.002927938576856288,0.0001,0.0003,0.00015224,0.0002,,,0.5347999999999999,0.01511,1.64556,205.2,11.1,0.00019999999999999998,BTC,79797.2,217.6
2026-05-04T06:20:01.285567+00:00,BTC-29MAY26-74000-C,79867.11,BTC-29MAY26,call,74000.0,2026-05-29T08:00:00+00:00,0.06863635746802672,0.0865,0.089,0.08745386,0.08775,79867.11,BTC-29MAY26,0.4032,0.7807,61.85751,1070.7,2.0,0.0025000000000000022,BTC,79797.1,14232.9
2026-05-04T06:20:01.285567+00:00,BTC-4MAY26-70000-P,79806.09,index_price,put,70000.0,2026-05-04T08:00:00+00:00,0.0001900877897241869,,0.0001,0.0,,,,0.6082,0.0,0.0,131.1,0.0,,BTC,79797.2,0.0
2026-05-04T06:20:01.285567+00:00,BTC-29MAY26-74000-P,79866.82,BTC-29MAY26,put,74000.0,2026-05-29T08:00:00+00:00,0.06863635746802672,0.0135,0.014,0.01398472,0.01375,79866.82,BTC-29MAY26,0.4032,-0.21929,61.85685,2009.9,141.0,0.0005000000000000004,BTC,79797.2,177780.52
2026-05-04T06:20:01.285567+00:00,BTC-22MAY26-65000-C,79845.32,SYN.BTC-22MAY26,call,65000.0,2026-05-22T08:00:00+00:00,0.049471401958102006,0.1835,0.193,0.18720883,0.18825,79845.32,SYN.BTC-22MAY26,0.5012,0.97133,11.64118,0.0,0.0,0.009500000000000008,BTC,79797.2,0.0
2026-05-04T06:20:01.285567+00:00,BTC-29MAY26-81000-P,79866.82,BTC-29MAY26,put,81000.0,2026-05-29T08:00:00+00:00,0.06863635746802672,0.0465,0.0475,0.04708809,0.047,79866.82,BTC-29MAY26,0.3762,-0.53754,83.12697,25.0,0.0,0.0010000000000000009,BTC,79797.2,0.0
2026-05-04T06:20:01.285567+00:00,BTC-26JUN26-320000-P,80008.94,BTC-26JUN26,put,320000.0,2026-06-26T08:00:00+00:00,0.14529617950772558,2.8455,3.1665,2.99958931,3.006,80008.94,BTC-26JUN26,0.9984000000000001,-0.99972,0.31566,0.0,0.0,0.3210000000000002,BTC,79799.59,0.0
2026-05-04T06:20:01.285567+00:00,BTC-29MAY26-60000-C,79866.82,BTC-29MAY26,call,60000.0,2026-05-29T08:00:00+00:00,0.06863635746802672,0.2485,0.2525,0.24983873,0.2505,79866.82,BTC-29MAY26,0.5481,0.98041,9.95836,172.7,0.0,0.0040000000000000036,BTC,79797.2,0.0
2026-05-04T06:20:01.285567+00:00,BTC-25SEP26-220000-C,80503.27,BTC-25SEP26,call,220000.0,2026-09-25T08:00:00+00:00,0.3944406011367468,0.0001,0.0003,0.00023207,0.0002,80503.27,BTC-25SEP26,0.5382,0.00252,3.95802,272.8,0.0,0.00019999999999999998,BTC,79797.2,0.0
2026-05-04T06:20:01.285567+00:00,BTC-26MAR27-106000-C,81859.23,BTC-26MAR27,call,106000.0,2027-03-26T08:00:00+00:00,0.8927294443947892,0.0725,0.076,0.07416993,0.07425,81859.23,BTC-26MAR27,0.43420000000000003,0.33555,282.04237,1.1,0.0,0.003500000000000003,BTC,79799.59,0.0
2026-05-04T06:20:01.285567+00:00,BTC-7MAY26-84000-P,79806.09,index_price,put,84000.0,2026-05-07T08:00:00+00:00,0.008403640151120492,0.049,0.0575,0.05368577,0.05325,,,0.3824,-0.92565,10.28929,0.0,0.0,0.0085,BTC,79799.59,0.0
2026-05-04T06:20:01.285567+00:00,BTC-7MAY26-78000-C,79806.09,index_price,call,78000.0,2026-05-07T08:00:00+00:00,0.008403640151120492,0.018,0.031,0.02773368,0.0245,,,0.373,0.75284,23.11062,0.0,0.0,0.013000000000000001,BTC,79799.59,0.0
2026-05-04T06:20:01.285567+00:00,BTC-25SEP26-100000-C,80503.32,BTC-25SEP26,call,100000.0,2026-09-25T08:00:00+00:00,0.3944406011367468,0.029,0.03,0.02944822,0.0295,80503.32,BTC-25SEP26,0.39740000000000003,0.22838,152.95283,3476.7,6.1,0.0009999999999999974,BTC,79799.59,12332.6
2026-05-04T06:20:01.285567+00:00,BTC-8MAY26-85000-C,79812.55,BTC-8MAY26,call,85000.0,2026-05-08T08:00:00+00:00,0.011141490938252592,0.0009,0.001,0.00094439,0.00095,79812.55,BTC-8MAY26,0.37270000000000003,0.05689,9.62685,1517.0,3.7,0.00010000000000000005,BTC,79799.59,404.72
2026-05-04T06:20:01.285567+00:00,BTC-26MAR27-98000-C,81859.23,BTC-26MAR27,call,98000.0,2027-03-26T08:00:00+00:00,0.8927294443947892,0.096,0.0995,0.09798305,0.09775,81859.23,BTC-26MAR27,0.4379,0.40979,300.72383,19.0,0.0,0.003500000000000003,BTC,79799.04,0.0
2026-05-04T06:20:01.285567+00:00,BTC-5MAY26-79000-C,79806.32,index_price,call,79000.0,2026-05-05T08:00:00+00:00,0.002927938576856288,0.013,0.0145,0.01383517,0.01375,,,0.36869999999999997,0.69663,15.08923,150.4,88.9,0.0015000000000000013,BTC,79799.04,47512.99
2026-05-04T06:20:01.285567+00:00,BTC-31JUL26-92000-C,80200.54923076923,SYN.BTC-31JUL26,call,92000.0,2026-07-31T08:00:00+00:00,0.24112095705734912,0.027,0.0275,0.02726194,0.02725,80200.54923076923,SYN.BTC-31JUL26,0.38280000000000003,0.26221,128.32452,31.7,23.0,0.0005000000000000004,BTC,79799.04,42999.44
2026-05-04T06:20:01.285567+00:00,BTC-25SEP26-60000-P,80503.27,BTC-25SEP26,put,60000.0,2026-09-25T08:00:00+00:00,0.3944406011367468,0.0225,0.0235,0.02318388,0.023,80503.27,BTC-25SEP26,0.48450000000000004,-0.13181,108.00852,3893.2,31.5,0.0010000000000000009,BTC,79799.04,61091.36
2026-05-04T06:20:01.285567+00:00,BTC-25DEC26-72000-P,81185.54,BTC-25DEC26,put,72000.0,2026-12-25T08:00:00+00:00,0.643585022765768,0.0865,0.0875,0.08709811,0.087,81185.54,BTC-25DEC26,0.4542,-0.30448,228.03215,246.5,12.3,0.0010000000000000009,BTC,79799.04,86957.05
2026-05-04T06:20:01.285567+00:00,BTC-26MAR27-56000-C,81859.23,BTC-26MAR27,call,56000.0,2027-03-26T08:00:00+00:00,0.8927294443947892,0.359,0.3655,0.36251156,0.36225,81859.23,BTC-26MAR27,0.503,0.84995,180.43028,1.0,0.0,0.006500000000000006,BTC,79799.04,0.0
2026-05-04T06:20:01.285567+00:00,BTC-29MAY26-63000-P,79866.82,BTC-29MAY26,put,63000.0,2026-05-29T08:00:00+00:00,0.06863635746802672,0.0016,0.0019,0.00179777,0.00175,79866.82,BTC-29MAY26,0.5097999999999999,-0.03266,15.27784,270.5,26.6,0.0002999999999999999,BTC,79799.04,5438.16
2026-05-04T06:20:01.285567+00:00,BTC-26JUN26-84000-C,80008.94,BTC-26JUN26,call,84000.0,2026-06-26T08:00:00+00:00,0.14529617950772558,0.0375,0.038,0.03780586,0.03775,80008.94,BTC-26JUN26,0.38170000000000004,0.39658,117.58998,810.1,176.5,0.0005000000000000004,BTC,79799.61,445064.07
2026-05-04T06:20:01.285567+00:00,BTC-26JUN26-74000-P,80008.94,BTC-26JUN26,put,74000.0,2026-06-26T08:00:00+00:00,0.14529617950772558,0.0285,0.0295,0.02911371,0.029,80008.94,BTC-26JUN26,0.4053,-0.28019,102.72538,369.8,45.4,0.0009999999999999974,BTC,79799.61,105696.04
2026-05-04T06:20:01.285567+00:00,BTC-6MAY26-76000-P,79806.32,index_price,put,76000.0,2026-05-06T08:00:00+00:00,0.005665789363988389,0.001,0.0011,0.00110521,0.00105,,,0.4493,-0.07186,8.2306,40.5,44.2,0.00010000000000000005,BTC,79799.04,5772.16
2026-05-04T06:20:01.285567+00:00,BTC-8MAY26-75000-P,79812.5,BTC-8MAY26,put,75000.0,2026-05-08T08:00:00+00:00,0.011141490938252592,0.0016,0.0018,0.00174492,0.0017,79812.5,BTC-8MAY26,0.4314,-0.08265,12.83856,314.3,82.1,0.00019999999999999987,BTC,79799.61,18842.0
2026-05-04T06:20:01.285567+00:00,BTC-31JUL26-83000-P,80200.85307692307,SYN.BTC-31JUL26,put,83000.0,2026-07-31T08:00:00+00:00,0.24112095705734912,0.0965,0.0975,0.09680487,0.097,80200.85307692307,SYN.BTC-31JUL26,0.3924,-0.53271,156.62107,3.2,0.4,0.0010000000000000009,BTC,79799.61,3186.22
2026-05-04T06:20:01.285567+00:00,BTC-26JUN26-360000-P,80008.94,BTC-26JUN26,put,360000.0,2026-06-26T08:00:00+00:00,0.14529617950772558,3.326,3.6865,3.49952091,3.50625,80008.94,BTC-26JUN26,1.0224,-0.99988,0.14827,0.3,0.0,0.36050000000000004,BTC,79794.44,0.0
2026-05-04T06:20:01.285567+00:00,BTC-7MAY26-76500-P,79806.09,index_price,put,76500.0,2026-05-07T08:00:00+00:00,0.008403640151120492,0.002,0.0023,0.00217223,0.00215,,,0.3978,-0.1201,14.64439,5.8,6.0,0.0002999999999999999,BTC,79794.44,2068.59
2026-05-04T06:20:01.285567+00:00,BTC-15MAY26-81000-C,79823.86,BTC-15MAY26,call,81000.0,2026-05-15T08:00:00+00:00,0.030306446448177298,0.019,0.02,0.01935685,0.0195,79823.86,BTC-15MAY26,0.37229999999999996,0.42268,54.40456,197.8,68.9,0.0010000000000000009,BTC,79794.44,122953.11
2026-05-04T06:20:01.285567+00:00,BTC-26JUN26-160000-C,80008.71,BTC-26JUN26,call,160000.0,2026-06-26T08:00:00+00:00,0.14529617950772558,0.0001,0.0002,0.00014065,0.00015,80008.71,BTC-26JUN26,0.6125,0.00218,2.09381,1221.2,0.0,0.0001,BTC,79794.44,0.0
2026-05-04T06:20:01.285567+00:00,BTC-26JUN26-72000-C,80008.71,BTC-26JUN26,call,72000.0,2026-06-26T08:00:00+00:00,0.14529617950772558,0.121,0.1245,0.1228512,0.12275,80008.71,BTC-26JUN26,0.41590000000000005,0.77168,92.25111,2532.3,0.4,0.003500000000000003,BTC,79794.44,3891.98
2026-05-04T06:20:01.285567+00:00,BTC-25DEC26-56000-C,81185.77,BTC-25DEC26,call,56000.0,2026-12-25T08:00:00+00:00,0.643585022765768,0.34,0.345,0.34262594,0.3425,81185.77,BTC-25DEC26,0.5051,0.86838,138.99752,39.7,0.0,0.004999999999999949,BTC,79794.44,0.0
2026-05-04T06:20:01.285567+00:00,BTC-29MAY26-72000-C,79867.11,BTC-29MAY26,call,72000.0,2026-05-29T08:00:00+00:00,0.06863635746802672,0.1065,0.11,0.10800936,0.10825,79867.11,BTC-29MAY26,0.4168,0.84212,50.48025,899.7,20.0,0.003500000000000003,BTC,79794.44,180115.97
2026-05-04T06:20:01.285567+00:00,BTC-26JUN26-64000-C,80008.94,BTC-26JUN26,call,64000.0,2026-06-26T08:00:00+00:00,0.14529617950772558,0.2065,0.21,0.20829048,0.20825,80008.94,BTC-26JUN26,0.4707,0.90867,50.07515,18.6,0.0,0.003500000000000003,BTC,79791.76,0.0
2026-05-04T06:20:01.285567+00:00,BTC-26MAR27-86000-P,81859.23,BTC-26MAR27,put,86000.0,2027-03-26T08:00:00+00:00,0.8927294443947892,0.195,0.203,0.19804722,0.199,81859.23,BTC-26MAR27,0.4472,-0.46248,307.24898,1.3,0.0,0.008000000000000007,BTC,79791.76,0.0
2026-05-04T06:20:01.285567+00:00,BTC-26MAR27-40000-P,81859.23,BTC-26MAR27,put,40000.0,2027-03-26T08:00:00+00:00,0.8927294443947892,0.016,0.0175,0.0165139,0.01675,81859.23,BTC-26MAR27,0.5776,-0.05659,88.01221,548.8,3.0,0.0015000000000000013,BTC,79791.76,4074.02
2026-05-04T06:20:01.285567+00:00,BTC-5MAY26-76000-P,79806.32,index_price,put,76000.0,2026-05-05T08:00:00+00:00,0.002927938576856288,0.0003,0.0005,0.00037551,0.0004,,,0.49920000000000003,-0.03476,3.31773,97.6,21.8,0.00020000000000000004,BTC,79791.76,1306.73
2026-05-04T06:20:01.285567+00:00,BTC-26JUN26-230000-C,80008.94,BTC-26JUN26,call,230000.0,2026-06-26T08:00:00+00:00,0.14529617950772558,,0.0001,0.00014427,,80008.94,BTC-26JUN26,0.8893000000000001,0.00162,1.59257,796.2,0.0,,BTC,79790.82,0.0
2026-05-04T06:20:01.285567+00:00,BTC-26MAR27-120000-C,81859.23,BTC-26MAR27,call,120000.0,2027-03-26T08:00:00+00:00,0.8927294443947892,0.0445,0.0465,0.04559519,0.0455,81859.23,BTC-26MAR27,0.4313,0.23119,235.57036,95.9,2.1,0.0020000000000000018,BTC,79790.82,6799.35
2026-05-04T06:20:01.285567+00:00,BTC-31JUL26-77000-P,80200.85307692307,SYN.BTC-31JUL26,put,77000.0,2026-07-31T08:00:00+00:00,0.24112095705734912,0.059,0.06,0.05954063,0.0595,80200.85307692307,SYN.BTC-31JUL26,0.40619999999999995,-0.3809,150.08354,10.3,1.2,0.0010000000000000009,BTC,79790.82,6135.7
2026-05-04T06:20:01.285567+00:00,BTC-4MAY26-78500-C,79806.09,index_price,call,78500.0,2026-05-04T08:00:00+00:00,0.0001900877897241869,0.015,0.0185,0.01640949,0.01675,,,0.5845,0.97918,0.54851,133.7,92.2,0.0034999999999999996,BTC,79790.82,45032.79
2026-05-04T06:20:01.285567+00:00,BTC-26JUN26-210000-P,80008.94,BTC-26JUN26,put,210000.0,2026-06-26T08:00:00+00:00,0.14529617950772558,1.5235,1.7355,1.6248554,1.6295,80008.94,BTC-26JUN26,0.8201999999999999,-0.9983,1.66715,0.0,0.0,0.21199999999999997,BTC,79790.82,0.0
2026-05-04T06:20:01.285567+00:00,BTC-6MAY26-79500-C,79806.32,index_price,call,79500.0,2026-05-06T08:00:00+00:00,0.005665789363988389,0.0125,0.0135,0.01276272,0.013,,,0.3602,0.5591,23.70148,5.0,6.8,0.0009999999999999992,BTC,79791.76,5474.1
2026-05-04T06:20:01.285567+00:00,BTC-4MAY26-86000-C,79806.09,index_price,call,86000.0,2026-05-04T08:00:00+00:00,0.0001900877897241869,,0.0001,0.0,,,,0.5718,0.0,0.0,3.6,0.0,,BTC,79790.82,0.0
2026-05-04T06:20:01.285567+00:00,BTC-25SEP26-190000-C,80503.27,BTC-25SEP26,call,190000.0,2026-09-25T08:00:00+00:00,0.3944406011367468,0.0003,0.0007,0.000392,0.0005,80503.27,BTC-25SEP26,0.4929,0.00441,6.54134,824.5,0.0,0.0004,BTC,79790.82,0.0
2026-05-04T06:20:01.285567+00:00,BTC-4MAY26-78500-P,79806.09,index_price,put,78500.0,2026-05-04T08:00:00+00:00,0.0001900877897241869,,0.0001,6.019e-05,,,,0.5845,-0.02089,0.55022,95.3,126.4,,BTC,79789.84,36716.84
2026-05-04T06:20:01.285567+00:00,BTC-26JUN26-170000-P,80008.94,BTC-26JUN26,put,170000.0,2026-06-26T08:00:00+00:00,0.14529617950772558,1.043,1.2145,1.12490946,1.12875,80008.94,BTC-26JUN26,0.6596,-0.99795,1.97357,1.9,0.0,0.17149999999999999,BTC,79789.84,0.0
2026-05-04T06:20:01.285567+00:00,BTC-6MAY26-69000-P,79806.32,index_price,put,69000.0,2026-05-06T08:00:00+00:00,0.005665789363988389,0.0001,0.0002,0.00014826,0.00015,,,0.8012999999999999,-0.00734,1.21989,6.0,7.0,0.0001,BTC,79790.82,55.67
2026-05-04T06:20:01.285567+00:00,BTC-26MAR27-56000-P,81859.23,BTC-26MAR27,put,56000.0,2027-03-26T08:00:00+00:00,0.8927294443947892,0.0455,0.0475,0.04661154,0.0465,81859.23,BTC-26MAR27,0.503,-0.15012,180.45833,35.3,0.2,0.0020000000000000018,BTC,79789.84,733.39
2026-05-04T06:20:01.285567+00:00,BTC-25SEP26-64000-C,80503.32,BTC-25SEP26,call,64000.0,2026-09-25T08:00:00+00:00,0.3944406011367468,0.2345,0.239,0.23698826,0.23675,80503.32,BTC-25SEP26,0.4653,0.82388,130.87515,52.6,0.0,0.004500000000000004,BTC,79789.84,0.0
2026-05-04T06:20:01.285567+00:00,BTC-29MAY26-65000-P,79867.11,BTC-29MAY26,put,65000.0,2026-05-29T08:00:00+00:00,0.06863635746802672,0.0026,0.0027,0.00256919,0.00265,79867.11,BTC-29MAY26,0.4864,-0.04663,20.41094,1370.1,68.9,0.00010000000000000026,BTC,79789.84,13971.33
2026-05-04T06:20:01.285567+00:00,BTC-29MAY26-62000-C,79866.82,BTC-29MAY26,call,62000.0,2026-05-29T08:00:00+00:00,0.06863635746802672,0.222,0.23,0.22523855,0.226,79866.82,BTC-29MAY26,0.5228,0.97228,13.33337,14.0,0.0,0.008000000000000007,BTC,79789.84,0.0
2026-05-04T06:20:01.285567+00:00,BTC-31JUL26-94000-P,80200.85307692307,SYN.BTC-31JUL26,put,94000.0,2026-07-31T08:00:00+00:00,0.24112095705734912,0.19,0.199,0.19458025,0.1945,80200.85307692307,SYN.BTC-31JUL26,0.3824,-0.77406,118.40467,0.3,0.0,0.009000000000000008,BTC,79790.59,0.0
2026-05-04T06:20:01.285567+00:00,BTC-25SEP26-220000-P,80503.27,BTC-25SEP26,put,220000.0,2026-09-25T08:00:00+00:00,0.3944406011367468,1.6275,1.8485,1.73297174,1.738,80503.27,BTC-25SEP26,0.5382,-0.99748,3.95497,1.8,0.0,0.22100000000000009,BTC,79790.59,0.0
2026-05-04T06:20:01.285567+00:00,BTC-4MAY26-78000-C,79806.09,index_price,call,78000.0,2026-05-04T08:00:00+00:00,0.0001900877897241869,0.0215,0.0245,0.02262024,0.023,,,0.5875,0.99759,0.08221,54.3,11.6,0.0030000000000000027,BTC,79790.59,9568.12
2026-05-04T06:20:01.285567+00:00,BTC-25DEC26-50000-C,81185.77,BTC-25DEC26,call,50000.0,2026-12-25T08:00:00+00:00,0.643585022765768,0.4035,0.4085,0.40557187,0.406,81185.77,BTC-25DEC26,0.5346,0.91051,105.34028,59.9,0.0,0.004999999999999949,BTC,79790.59,0.0
2026-05-04T06:20:01.285567+00:00,BTC-4MAY26-84000-P,79806.09,index_price,put,84000.0,2026-05-04T08:00:00+00:00,0.0001900877897241869,0.013,0.0875,0.0525689,0.05025,,,0.5699000000000001,-1.0,0.0,0.0,0.0,0.0745,BTC,79790.59,0.0
2026-05-04T06:20:01.285567+00:00,BTC-6MAY26-70000-P,79806.32,index_price,put,70000.0,2026-05-06T08:00:00+00:00,0.005665789363988389,0.0001,0.0003,0.00015245,0.0002,,,0.7331,-0.00814,1.33662,51.2,21.2,0.00019999999999999998,BTC,79790.59,341.95
2026-05-04T06:20:01.285567+00:00,BTC-4MAY26-83000-C,79806.09,index_price,call,83000.0,2026-05-04T08:00:00+00:00,0.0001900877897241869,,0.0001,0.0,,,,0.5698,0.0,1e-05,83.1,5.8,,BTC,79789.72,46.42
2026-05-04T06:20:01.285567+00:00,BTC-31JUL26-56000-P,80200.85307692307,SYN.BTC-31JUL26,put,56000.0,2026-07-31T08:00:00+00:00,0.24112095705734912,0.007,0.008,0.00757301,0.0075,80200.85307692307,SYN.BTC-31JUL26,0.5183,-0.06206,48.17234,18.3,3.6,0.001,BTC,79789.72,2284.81
2026-05-04T06:20:01.285567+00:00,BTC-29MAY26-50000-P,79866.82,BTC-29MAY26,put,50000.0,2026-05-29T08:00:00+00:00,0.06863635746802672,0.0001,0.0004,0.00031056,0.00025,79866.82,BTC-29MAY26,0.7188,-0.00494,2.99199,1257.1,1.8,0.00030000000000000003,BTC,79789.72,42.85
2026-05-04T06:20:01.285567+00:00,BTC-31JUL26-88000-C,80200.85307692307,SYN.BTC-31JUL26,call,88000.0,2026-07-31T08:00:00+00:00,0.24112095705734912,0.0395,0.0405,0.03983732,0.04,80200.85307692307,SYN.BTC-31JUL26,0.386,0.34615,145.2951,18.3,17.1,0.0010000000000000009,BTC,79789.72,49363.8
2026-05-04T06:20:01.285567+00:00,BTC-25SEP26-40000-P,80503.32,BTC-25SEP26,put,40000.0,2026-09-25T08:00:00+00:00,0.3944406011367468,0.0043,0.0048,0.00454721,0.00455,80503.32,BTC-25SEP26,0.6377,-0.02586,30.40311,1851.4,0.6,0.0004999999999999996,BTC,79789.72,218.71
2026-05-04T06:20:01.285567+00:00,BTC-29MAY26-64000-C,79866.82,BTC-29MAY26,call,64000.0,2026-05-29T08:00:00+00:00,0.06863635746802672,0.18,0.222,0.20079915,0.201,79866.82,BTC-29MAY26,0.49689999999999995,0.96119,17.59571,10.0,0.0,0.04200000000000001,BTC,79789.72,0.0
2026-05-04T06:20:01.285567+00:00,BTC-25SEP26-280000-P,80503.32,BTC-25SEP26,put,280000.0,2026-09-25T08:00:00+00:00,0.3944406011367468,2.344,2.624,2.47814318,2.484,80503.32,BTC-25SEP26,0.6115999999999999,-0.99887,1.91173,0.0,0.0,0.28000000000000025,BTC,79789.72,0.0
2026-05-04T06:20:01.285567+00:00,BTC-5MAY26-75000-C,79806.32,index_price,call,75000.0,2026-05-05T08:00:00+00:00,0.002927938576856288,0.059,0.062,0.06024442,0.0605,,,0.5568,0.981,2.00093,25.2,25.2,0.0030000000000000027,BTC,79788.97,101168.94
2026-05-04T06:20:01.285567+00:00,BTC-4MAY26-73000-C,79806.09,index_price,call,73000.0,2026-05-04T08:00:00+00:00,0.0001900877897241869,0.0545,0.1125,0.0852675,0.0835,,,0.6077,1.0,0.0,0.0,0.0,0.058,BTC,79788.97,0.0
2026-05-04T06:20:01.285567+00:00,BTC-22MAY26-72000-P,79845.32,SYN.BTC-22MAY26,put,72000.0,2026-05-22T08:00:00+00:00,0.049471401958102006,0.0055,0.006,0.00600852,0.00575,79845.32,SYN.BTC-22MAY26,0.4201,-0.12467,36.49716,74.5,4.8,0.0005000000000000004,BTC,79789.72,2264.06
2026-05-04T06:20:01.285567+00:00,BTC-26JUN26-145000-P,80008.94,BTC-26JUN26,put,145000.0,2026-06-26T08:00:00+00:00,0.14529617950772558,0.743,0.8895,0.8124736,0.81625,80008.94,BTC-26JUN26,0.5446,-0.9971,2.70404,4.6,0.0,0.14649999999999996,BTC,79788.97,0.0
2026-05-04T06:20:01.285567+00:00,BTC-29MAY26-63000-C,79866.82,BTC-29MAY26,call,63000.0,2026-05-29T08:00:00+00:00,0.06863635746802672,0.1935,0.232,0.21299447,0.21275,79866.82,BTC-29MAY26,0.5097999999999999,0.96729,15.29687,3.9,0.0,0.038500000000000006,BTC,79788.97,0.0
2026-05-04T06:20:01.285567+00:00,BTC-5MAY26-72000-P,79806.32,index_price,put,72000.0,2026-05-05T08:00:00+00:00,0.002927938576856288,,0.0002,1.328e-05,,,,0.6363,-0.00135,0.19111,12.0,10.3,,BTC,79788.35,81.06
2026-05-04T06:20:01.285567+00:00,BTC-4MAY26-67000-C,79806.09,index_price,call,67000.0,2026-05-04T08:00:00+00:00,0.0001900877897241869,0.1385,0.17,0.16045099,0.15425,,,0.6082,1.0,0.0,0.0,0.0,0.0315,BTC,79788.35,0.0
2026-05-04T06:20:01.285567+00:00,BTC-7MAY26-85000-P,79806.09,index_price,put,85000.0,2026-05-07T08:00:00+00:00,0.008403640151120492,0.0605,0.07,0.06576111,0.06525,,,0.4043,-0.95408,7.0487,0.0,0.0,0.009500000000000008,BTC,79788.35,0.0
2026-05-04T06:20:01.285567+00:00,BTC-22MAY26-80000-P,79845.32,SYN.BTC-22MAY26,put,80000.0,2026-05-22T08:00:00+00:00,0.049471401958102006,0.034,0.0345,0.03438057,0.03425,79845.32,SYN.BTC-22MAY26,0.3761,-0.49336,70.85053,11.5,8.8,0.0005000000000000004,BTC,79788.97,26466.38
2026-05-04T06:20:01.285567+00:00,BTC-29MAY26-73000-P,79866.82,BTC-29MAY26,put,73000.0,2026-05-29T08:00:00+00:00,0.06863635746802672,0.011,0.012,0.01158274,0.0115,79866.82,BTC-29MAY26,0.4104,-0.18708,56.25135,578.3,97.6,0.0010000000000000009,BTC,79788.35,103140.04
2026-05-04T06:20:01.285567+00:00,BTC-5MAY26-80500-C,79806.32,index_price,call,80500.0,2026-05-05T08:00:00+00:00,0.002927938576856288,0.0041,0.0045,0.00429173,0.0043,,,0.3671,0.33117,15.65793,82.4,91.8,0.0003999999999999993,BTC,79789.04,18360.2
2026-05-04T06:20:01.285567+00:00,BTC-29MAY26-58000-C,79867.11,BTC-29MAY26,call,58000.0,2026-05-29T08:00:00+00:00,0.06863635746802672,0.2735,0.277,0.27457555,0.27525,79867.11,BTC-29MAY26,0.5748,0.986,7.46824,98.0,0.0,0.003500000000000003,BTC,79788.35,0.0
2026-05-04T06:20:01.285567+00:00,BTC-31JUL26-110000-P,80200.85307692307,SYN.BTC-31JUL26,put,110000.0,2026-07-31T08:00:00+00:00,0.24112095705734912,0.3355,0.384,0.37628096,0.35975,80200.85307692307,SYN.BTC-31JUL26,0.3912,-0.93929,47.34998,1.1,0.0,0.04849999999999999,BTC,79789.04,0.0
2026-05-04T06:20:01.285567+00:00,BTC-31JUL26-102000-C,80200.85307692307,SYN.BTC-31JUL26,call,102000.0,2026-07-31T08:00:00+00:00,0.24112095705734912,0.0095,0.0105,0.01006423,0.01,80200.85307692307,SYN.BTC-31JUL26,0.38280000000000003,0.11787,77.79567,25.5,2.4,0.0010000000000000009,BTC,79789.04,1717.46
2026-05-04T06:20:01.285567+00:00,BTC-31JUL26-96000-C,80200.54923076923,SYN.BTC-31JUL26,call,96000.0,2026-07-31T08:00:00+00:00,0.24112095705734912,0.018,0.019,0.0185073,0.0185,80200.54923076923,SYN.BTC-31JUL26,0.3824,0.19366,108.13502,29.7,1.3,0.0010000000000000009,BTC,79789.04,1654.94
2026-05-04T06:20:01.285567+00:00,BTC-4MAY26-71000-C,79806.09,index_price,call,71000.0,2026-05-04T08:00:00+00:00,0.0001900877897241869,0.079,0.137,0.11032867,0.108,,,0.6082,1.0,0.0,0.1,25.1,0.05800000000000001,BTC,79789.04,201308.72
2026-05-04T06:20:01.285567+00:00,BTC-26MAR27-82000-P,81859.23,BTC-26MAR27,put,82000.0,2027-03-26T08:00:00+00:00,0.8927294443947892,0.1675,0.172,0.16904746,0.16975,81859.23,BTC-26MAR27,0.449,-0.41774,302.01893,2.3,0.1,0.004499999999999976,BTC,79789.04,1375.72
2026-05-04T06:20:01.285567+00:00,BTC-6MAY26-69000-C,79806.32,index_price,call,69000.0,2026-05-06T08:00:00+00:00,0.005665789363988389,0.101,0.168,0.13545507,0.1345,,,0.8012999999999999,0.99266,1.22066,0.0,0.0,0.067,BTC,79789.04,0.0
2026-05-04T06:20:01.285567+00:00,BTC-4MAY26-76500-P,79806.09,index_price,put,76500.0,2026-05-04T08:00:00+00:00,0.0001900877897241869,,0.0001,0.0,,,,0.6053000000000001,0.0,1e-05,55.7,35.1,,BTC,79788.91,669.14
2026-05-04T06:20:01.285567+00:00,BTC-25DEC26-64000-C,81185.77,BTC-25DEC26,call,64000.0,2026-12-25T08:00:00+00:00,0.643585022765768,0.2635,0.2685,0.2659577,0.266,81185.77,BTC-25DEC26,0.4747,0.79229,186.52433,12.3,0.0,0.0050000000000000044,BTC,79789.04,0.0
2026-05-04T06:20:01.285567+00:00,BTC-7MAY26-74000-C,79806.09,index_price,call,74000.0,2026-05-07T08:00:00+00:00,0.008403640151120492,0.0475,0.078,0.07350311,0.06275,,,0.47859999999999997,0.95911,6.41827,0.0,0.0,0.0305,BTC,79788.91,0.0
2026-05-04T06:20:01.285567+00:00,BTC-5MAY26-69000-P,79806.32,index_price,put,69000.0,2026-05-05T08:00:00+00:00,0.002927938576856288,,0.0001,9e-08,,,,0.6364,-1e-05,0.00219,0.6,0.0,,BTC,79788.91,0.0
2026-05-04T06:20:01.285567+00:00,BTC-26MAR27-95000-P,81859.14,BTC-26MAR27,put,95000.0,2027-03-26T08:00:00+00:00,0.8927294443947892,0.2645,0.275,0.2692028,0.26975,81859.14,BTC-26MAR27,0.4397,-0.55994,305.11258,0.3,0.0,0.01050000000000001,BTC,79788.91,0.0
2026-05-04T06:20:01.285567+00:00,BTC-5MAY26-76500-C,79806.32,index_price,call,76500.0,2026-05-05T08:00:00+00:00,0.002927938576856288,0.038,0.0465,0.04172831,0.04225,,,0.4681,0.95289,4.24552,0.2,0.0,0.0085,BTC,79785.38,0.0
2026-05-04T06:20:01.285567+00:00,BTC-31JUL26-110000-C,80200.85307692307,SYN.BTC-31JUL26,call,110000.0,2026-07-31T08:00:00+00:00,0.24112095705734912,0.0046,0.0049,0.00469085,0.00475,80200.85307692307,SYN.BTC-31JUL26,0.3912,0.06071,47.35177,45.8,4.4,0.0002999999999999999,BTC,79785.38,1575.44
2026-05-04T06:20:01.285567+00:00,BTC-25DEC26-95000-C,81185.77,BTC-25DEC26,call,95000.0,2026-12-25T08:00:00+00:00,0.643585022765768,0.077,0.079,0.07783614,0.078,81185.77,BTC-25DEC26,0.4278,0.3872,249.40979,916.2,4.4,0.0020000000000000018,BTC,79788.91,26396.36
2026-05-04T06:20:01.285567+00:00,BTC-5MAY26-81000-C,79806.32,index_price,call,81000.0,2026-05-05T08:00:00+00:00,0.002927938576856288,0.0025,0.0029,0.00267794,0.0027,,,0.3724,0.22988,13.1055,244.2,72.9,0.00039999999999999975,BTC,79785.38,10470.06
2026-05-04T06:20:01.285567+00:00,BTC-25SEP26-95000-C,80503.32,BTC-25SEP26,call,95000.0,2026-09-25T08:00:00+00:00,0.3944406011367468,0.041,0.042,0.041467,0.0415,80503.32,BTC-25SEP26,0.3993,0.2961,174.75623,774.0,2.1,0.0010000000000000009,BTC,79785.38,7044.11
2026-05-04T06:20:01.285567+00:00,BTC-5MAY26-68000-C,79806.32,index_price,call,68000.0,2026-05-05T08:00:00+00:00,0.002927938576856288,0.1195,0.169,0.14776065,0.14425,,,0.6365999999999999,1.0,0.00034,0.0,0.0,0.049500000000000016,BTC,79785.38,0.0
2026-05-04T06:20:01.285567+00:00,BTC-25SEP26-35000-C,80503.32,BTC-25SEP26,call,35000.0,2026-09-25T08:00:00+00:00,0.3944406011367468,0.5675,0.57,0.56818256,0.56875,80503.32,BTC-25SEP26,0.6901,0.98373,20.53479,15.1,0.0,0.0024999999999999467,BTC,79785.38,0.0
2026-05-04T06:20:01.285567+00:00,BTC-26JUN26-240000-C,80008.94,BTC-26JUN26,call,240000.0,2026-06-26T08:00:00+00:00,0.14529617950772558,,0.0002,9.275e-05,,80008.94,BTC-26JUN26,0.8893000000000001,0.00107,1.09101,556.4,0.0,,BTC,79785.38,0.0
2026-05-04T06:20:01.285567+00:00,BTC-25DEC26-240000-P,81185.77,BTC-25DEC26,put,240000.0,2026-12-25T08:00:00+00:00,0.643585022765768,1.8425,2.0845,1.95707341,1.9635,81185.77,BTC-25DEC26,0.511,-0.99263,13.28887,0.0,0.0,0.24199999999999977,BTC,79785.38,0.0
2026-05-04T06:20:01.285567+00:00,BTC-29MAY26-45000-P,79866.82,BTC-29MAY26,put,45000.0,2026-05-29T08:00:00+00:00,0.06863635746802672,0.0001,0.0002,0.00016007,0.00015,79866.82,BTC-29MAY26,0.8067,-0.00241,1.57007,425.7,0.5,0.0001,BTC,79783.95,3.91
2026-05-04T06:20:01.285567+00:00,BTC-22MAY26-78000-P,79845.32,SYN.BTC-22MAY26,put,78000.0,2026-05-22T08:00:00+00:00,0.049471401958102006,0.0225,0.0235,0.02327372,0.023,79845.32,SYN.BTC-22MAY26,0.38280000000000003,-0.37653,67.43556,41.5,26.7,0.0010000000000000009,BTC,79785.38,58173.7
2026-05-04T06:20:01.285567+00:00,BTC-25DEC26-86000-P,81185.77,BTC-25DEC26,put,86000.0,2026-12-25T08:00:00+00:00,0.643585022765768,0.1715,0.1765,0.17437208,0.174,81185.77,BTC-25DEC26,0.4354,-0.49638,259.83931,6.9,0.0,0.004999999999999977,BTC,79783.95,0.0
2026-05-04T06:20:01.285567+00:00,BTC-25SEP26-200000-C,80503.32,BTC-25SEP26,call,200000.0,2026-09-25T08:00:00+00:00,0.3944406011367468,0.0002,0.0006,0.00027089,0.0004,80503.32,BTC-25SEP26,0.5004,0.00309,4.7564,1128.5,0.0,0.00039999999999999996,BTC,79783.95,0.0
2026-05-04T06:20:01.285567+00:00,BTC-26MAR27-150000-P,81859.18,BTC-26MAR27,put,150000.0,2027-03-26T08:00:00+00:00,0.8927294443947892,0.7705,0.948,0.84978864,0.85925,81859.18,BTC-26MAR27,0.4368,-0.89635,139.34093,0.0,0.0,0.1775,BTC,79782.85,0.0
2026-05-04T06:20:01.285567+00:00,BTC-25SEP26-45000-P,80503.32,BTC-25SEP26,put,45000.0,2026-09-25T08:00:00+00:00,0.3944406011367468,0.0065,0.0075,0.00700148,0.007,80503.32,BTC-25SEP26,0.593,-0.04035,43.87784,1681.6,0.1,0.001,BTC,79783.95,58.84
2026-05-04T06:20:01.285567+00:00,BTC-29MAY26-83000-C,79867.11,BTC-29MAY26,call,83000.0,2026-05-29T08:00:00+00:00,0.06863635746802672,0.0225,0.0235,0.02306557,0.023,79867.11,BTC-29MAY26,0.37189999999999995,0.36368,78.55856,830.5,63.1,0.0010000000000000009,BTC,79782.85,116522.02
2026-05-04T06:20:01.285567+00:00,BTC-15MAY26-72000-C,79823.86,BTC-15MAY26,call,72000.0,2026-05-15T08:00:00+00:00,0.030306446448177298,0.097,0.111,0.1009491,0.104,79823.86,BTC-15MAY26,0.43689999999999996,0.91803,21.04332,0.0,0.0,0.013999999999999999,BTC,79782.85,0.0
2026-05-04T06:20:01.285567+00:00,BTC-29MAY26-65000-C,79866.82,BTC-29MAY26,call,65000.0,2026-05-29T08:00:00+00:00,0.06863635746802672,0.1855,0.1955,0.18872452,0.1905,79866.82,BTC-29MAY26,0.4864,0.95331,20.43164,23.2,0.0,0.010000000000000009,BTC,79782.85,0.0
2026-05-04T06:20:01.285567+00:00,BTC-26MAR27-110000-C,81859.23,BTC-26MAR27,call,110000.0,2027-03-26T08:00:00+00:00,0.8927294443947892,0.063,0.066,0.06447198,0.0645,81859.23,BTC-26MAR27,0.4329,0.30212,269.79184,36.2,1.0,0.0030000000000000027,BTC,79782.85,5037.66
2026-05-04T06:20:01.285567+00:00,BTC-25SEP26-145000-C,80503.27,BTC-25SEP26,call,145000.0,2026-09-25T08:00:00+00:00,0.3944406011367468,0.0018,0.0021,0.00182378,0.00195,80503.27,BTC-25SEP26,0.42840000000000006,0.02008,24.56346,475.8,8.6,0.0002999999999999999,BTC,79782.85,1362.8
2026-05-04T06:20:01.285567+00:00,BTC-26MAR27-125000-C,81859.23,BTC-26MAR27,call,125000.0,2027-03-26T08:00:00+00:00,0.8927294443947892,0.0375,0.0395,0.03858422,0.0385,81859.23,BTC-26MAR27,0.43170000000000003,0.20207,217.87978,25.7,1.2,0.0020000000000000018,BTC,79779.32,3355.73
2026-05-04T06:20:01.285567+00:00,BTC-25DEC26-150000-P,81185.54,BTC-25DEC26,put,150000.0,2026-12-25T08:00:00+00:00,0.643585022765768,0.799,0.934,0.85555971,0.8665,81185.54,BTC-25DEC26,0.44049999999999995,-0.94065,76.92627,2.1,0.0,0.135,BTC,79779.32,0.0
2026-05-04T06:20:01.285567+00:00,BTC-7MAY26-73000-C,79806.09,index_price,call,73000.0,2026-05-07T08:00:00+00:00,0.008403640151120492,0.0815,0.096,0.08583053,0.08875,,,0.5176,0.97107,4.82951,0.0,0.0,0.014499999999999999,BTC,79779.32,0.0
2026-05-04T06:20:01.285567+00:00,BTC-29MAY26-72000-P,79866.82,BTC-29MAY26,put,72000.0,2026-05-29T08:00:00+00:00,0.06863635746802672,0.009,0.0095,0.00949885,0.00925,79866.82,BTC-29MAY26,0.4168,-0.15823,50.5438,1346.0,98.8,0.0005000000000000004,BTC,79779.32,79714.1
2026-05-04T06:20:01.285567+00:00,BTC-25SEP26-160000-C,80503.32,BTC-25SEP26,call,160000.0,2026-09-25T08:00:00+00:00,0.3944406011367468,0.0009,0.0011,0.00091174,0.001,80503.32,BTC-25SEP26,0.446,0.0104,13.9395,832.5,0.0,0.0002000000000000001,BTC,79779.32,0.0
2026-05-04T06:20:01.285567+00:00,BTC-26JUN26-82000-P,80008.94,BTC-26JUN26,put,82000.0,2026-06-26T08:00:00+00:00,0.14529617950772558,0.072,0.073,0.07240464,0.0725,80008.94,BTC-26JUN26,0.3843,-0.53852,121.1019,88.0,6.3,0.0010000000000000009,BTC,79779.32,38892.79
2026-05-04T06:20:01.285567+00:00,BTC-7MAY26-80500-C,79806.09,index_price,call,80500.0,2026-05-07T08:00:00+00:00,0.008403640151120492,0.009,0.0095,0.00917873,0.00925,,,0.3555,0.3972,28.20835,34.7,43.0,0.0005000000000000004,BTC,79777.37,23930.04
2026-05-04T06:20:01.285567+00:00,BTC-29MAY26-90000-P,79866.82,BTC-29MAY26,put,90000.0,2026-05-29T08:00:00+00:00,0.06863635746802672,0.1275,0.137,0.13263446,0.13225,79866.82,BTC-29MAY26,0.377,-0.87752,42.46325,12.0,0.2,0.009500000000000008,BTC,79777.37,2315.75
2026-05-04T06:20:01.285567+00:00,BTC-25DEC26-98000-C,81185.54,BTC-25DEC26,call,98000.0,2026-12-25T08:00:00+00:00,0.643585022765768,0.067,0.069,0.06825353,0.068,81185.54,BTC-25DEC26,0.4266,0.35207,241.75807,70.5,0.0,0.0020000000000000018,BTC,79777.37,0.0
2026-05-04T06:20:01.285567+00:00,BTC-31JUL26-93000-P,80200.85307692307,SYN.BTC-31JUL26,put,93000.0,2026-07-31T08:00:00+00:00,0.24112095705734912,0.1805,0.1885,0.18434487,0.1845,80200.85307692307,SYN.BTC-31JUL26,0.3822,-0.75694,123.27518,0.0,0.0,0.008000000000000007,BTC,79777.37,0.0
2026-05-04T06:20:01.285567+00:00,BTC-6MAY26-77000-P,79806.32,index_price,put,77000.0,2026-05-06T08:00:00+00:00,0.005665789363988389,0.0018,0.002,0.00190674,0.0019,,,0.413,-0.1237,12.27389,7.9,6.2,0.0002000000000000001,BTC,79777.37,1926.14
2026-05-04T06:20:01.285567+00:00,BTC-25SEP26-86000-C,80503.27,BTC-25SEP26,call,86000.0,2026-09-25T08:00:00+00:00,0.3944406011367468,0.074,0.0755,0.07475334,0.07475,80503.27,BTC-25SEP26,0.4078,0.44789,199.97807,457.6,1.2,0.0015000000000000013,BTC,79777.37,6382.81
2026-05-04T06:20:01.285567+00:00,BTC-25DEC26-115000-C,81185.77,BTC-25DEC26,call,115000.0,2026-12-25T08:00:00+00:00,0.643585022765768,0.0315,0.0325,0.03216715,0.032,81185.77,BTC-25DEC26,0.4249,0.19714,180.7615,2691.7,3.2,0.0010000000000000009,BTC,79777.37,8055.18
2026-05-04T06:20:01.285567+00:00,BTC-31JUL26-64000-P,80200.85307692307,SYN.BTC-31JUL26,put,64000.0,2026-07-31T08:00:00+00:00,0.24112095705734912,0.0165,0.0175,0.01679375,0.017,80200.85307692307,SYN.BTC-31JUL26,0.46,-0.13357,84.87906,22.0,0.2,0.0010000000000000009,BTC,79775.66,288.4
2026-05-04T06:20:01.285567+00:00,BTC-8MAY26-86000-C,79812.55,BTC-8MAY26,call,86000.0,2026-05-08T08:00:00+00:00,0.011141490938252592,0.0005,0.0007,0.00058856,0.0006,79812.55,BTC-8MAY26,0.3897,0.03574,6.62074,361.7,23.3,0.00019999999999999998,BTC,79775.66,1080.95
2026-05-04T06:20:01.285567+00:00,BTC-8MAY26-84000-C,79812.55,BTC-8MAY26,call,84000.0,2026-05-08T08:00:00+00:00,0.011141490938252592,0.0015,0.0018,0.0016139,0.00165,79812.55,BTC-8MAY26,0.3601,0.09094,13.78513,1013.2,172.6,0.0002999999999999999,BTC,79775.66,27363.19
2026-05-04T06:20:01.285567+00:00,BTC-31JUL26-93000-C,80200.85307692307,SYN.BTC-31JUL26,call,93000.0,2026-07-31T08:00:00+00:00,0.24112095705734912,0.0245,0.025,0.02472777,0.02475,80200.85307692307,SYN.BTC-31JUL26,0.3822,0.24298,123.24915,12.9,4.6,0.0005000000000000004,BTC,79775.85,8525.53
2026-05-04T06:20:01.285567+00:00,BTC-26MAR27-140000-P,81859.23,BTC-26MAR27,put,140000.0,2027-03-26T08:00:00+00:00,0.8927294443947892,0.6575,0.8295,0.73378254,0.7435,81859.23,BTC-26MAR27,0.4334,-0.86566,167.35544,0.0,0.0,0.17200000000000004,BTC,79775.85,0.0
2026-05-04T06:20:01.285567+00:00,BTC-25DEC26-80000-P,81185.77,BTC-25DEC26,put,80000.0,2026-12-25T08:00:00+00:00,0.643585022765768,0.1315,0.134,0.13298582,0.13275,81185.77,BTC-25DEC26,0.4434,-0.41366,253.71196,600.0,1.0,0.0025000000000000022,BTC,79775.66,10481.11
2026-05-04T06:20:01.285567+00:00,BTC-25SEP26-56000-P,80503.32,BTC-25SEP26,put,56000.0,2026-09-25T08:00:00+00:00,0.3944406011367468,0.0165,0.017,0.0167218,0.01675,80503.32,BTC-25SEP26,0.5071,-0.09728,86.95187,103.5,0.0,0.0005000000000000004,BTC,79775.85,0.0
2026-05-04T06:20:01.285567+00:00,BTC-26MAR27-70000-P,81859.14,BTC-26MAR27,put,70000.0,2027-03-26T08:00:00+00:00,0.8927294443947892,0.0985,0.101,0.10006817,0.09975,81859.14,BTC-26MAR27,0.4689,-0.28301,261.69813,114.7,10.3,0.0025000000000000022,BTC,79775.85,84147.9
2026-05-04T06:20:01.285567+00:00,BTC-29MAY26-77000-P,79866.82,BTC-29MAY26,put,77000.0,2026-05-29T08:00:00+00:00,0.06863635746802672,0.024,0.0245,0.02444251,0.02425,79866.82,BTC-29MAY26,0.3883,-0.3421,76.84666,393.3,186.2,0.0005000000000000004,BTC,79775.85,419342.94
2026-05-04T06:20:01.285567+00:00,BTC-6MAY26-73000-P,79806.32,index_price,put,73000.0,2026-05-06T08:00:00+00:00,0.005665789363988389,0.0003,0.0005,0.00041526,0.0004,,,0.6043999999999999,-0.02401,3.39297,14.1,2.5,0.00020000000000000004,BTC,79775.85,94.33
2026-05-04T06:20:01.285567+00:00,BTC-31JUL26-86000-P,80200.85307692307,SYN.BTC-31JUL26,put,86000.0,2026-07-31T08:00:00+00:00,0.24112095705734912,0.1175,0.1225,0.1199807,0.12,80200.85307692307,SYN.BTC-31JUL26,0.38770000000000004,-0.60777,151.33277,0.0,0.0,0.0050000000000000044,BTC,79774.66,0.0
2026-05-04T06:20:01.285567+00:00,BTC-6MAY26-75000-C,79806.32,index_price,call,75000.0,2026-05-06T08:00:00+00:00,0.005665789363988389,0.0565,0.0655,0.06083891,0.061,,,0.4951,0.95346,5.8489,0.0,0.0,0.009000000000000001,BTC,79775.85,0.0
2026-05-04T06:20:01.285567+00:00,BTC-8MAY26-73000-P,79812.55,BTC-8MAY26,put,73000.0,2026-05-08T08:00:00+00:00,0.011141490938252592,0.0007,0.001,0.0009179,0.00085,79812.55,BTC-8MAY26,0.4971,-0.04252,7.62702,357.5,47.5,0.00030000000000000003,BTC,79774.66,4368.39
2026-05-04T06:20:01.285567+00:00,BTC-26MAR27-64000-C,81859.23,BTC-26MAR27,call,64000.0,2027-03-26T08:00:00+00:00,0.8927294443947892,0.288,0.2945,0.29151601,0.29125,81859.23,BTC-26MAR27,0.4804,0.77883,229.69904,0.2,0.0,0.006500000000000006,BTC,79774.66,0.0
2026-05-04T06:20:01.285567+00:00,BTC-25DEC26-82000-P,81185.54,BTC-25DEC26,put,82000.0,2026-12-25T08:00:00+00:00,0.643585022765768,0.1445,0.147,0.14604296,0.14575,81185.54,BTC-25DEC26,0.4404,-0.44142,257.01491,22.1,0.0,0.0025000000000000022,BTC,79774.66,0.0
2026-05-04T06:20:01.285567+00:00,BTC-7MAY26-82000-C,79806.09,index_price,call,82000.0,2026-05-07T08:00:00+00:00,0.008403640151120492,0.0038,0.0041,0.00390821,0.00395,,,0.36119999999999997,0.20788,20.95552,12.0,14.3,0.00030000000000000035,BTC,79774.66,6801.0
2026-05-04T06:20:01.285567+00:00,BTC-5MAY26-72000-C,79806.32,index_price,call,72000.0,2026-05-05T08:00:00+00:00,0.002927938576856288,0.0965,0.0995,0.09764219,0.098,,,0.6363,0.99863,0.19395,30.3,30.3,0.0030000000000000027,BTC,79774.66,211758.08
2026-05-04T06:20:01.285567+00:00,BTC-4MAY26-77500-P,79806.09,index_price,put,77500.0,2026-05-04T08:00:00+00:00,0.0001900877897241869,,0.0001,3.3e-07,,,,0.5915,-0.00018,0.00743,221.3,100.9,,BTC,79777.18,8872.8
2026-05-04T06:20:01.285567+00:00,BTC-26JUN26-60000-P,80008.94,BTC-26JUN26,put,60000.0,2026-06-26T08:00:00+00:00,0.14529617950772558,0.005,0.0055,0.00528815,0.00525,80008.94,BTC-26JUN26,0.5132,-0.05852,35.62135,3888.3,23.9,0.0004999999999999996,BTC,79774.66,11403.66
2026-05-04T06:20:01.285567+00:00,BTC-25DEC26-90000-P,81185.54,BTC-25DEC26,put,90000.0,2026-12-25T08:00:00+00:00,0.643585022765768,0.2015,0.2085,0.20546328,0.205,81185.54,BTC-25DEC26,0.4314,-0.55003,257.77164,596.1,0.0,0.0069999999999999785,BTC,79777.18,0.0
2026-05-04T06:20:01.285567+00:00,BTC-26MAR27-50000-C,81859.23,BTC-26MAR27,call,50000.0,2027-03-26T08:00:00+00:00,0.8927294443947892,0.418,0.424,0.42132214,0.421,81859.23,BTC-26MAR27,0.5252,0.89264,142.91561,7.8,0.0,0.006000000000000005,BTC,79777.18,0.0
2026-05-04T06:20:01.285567+00:00,BTC-31JUL26-78000-P,80200.85307692307,SYN.BTC-31JUL26,put,78000.0,2026-07-31T08:00:00+00:00,0.24112095705734912,0.0645,0.0655,0.06487799,0.065,80200.85307692307,SYN.BTC-31JUL26,0.4033,-0.40614,152.7328,25.2,0.7,0.0010000000000000009,BTC,79777.18,4157.29
2026-05-04T06:20:01.285567+00:00,BTC-8MAY26-90000-C,79812.55,BTC-8MAY26,call,90000.0,2026-05-08T08:00:00+00:00,0.011141490938252592,0.0001,0.0003,0.00017895,0.0002,79812.55,BTC-8MAY26,0.4867,0.01028,2.30039,623.3,9.0,0.00019999999999999998,BTC,79777.18,103.1
2026-05-04T06:20:01.285567+00:00,BTC-5MAY26-78500-P,79806.32,index_price,put,78500.0,2026-05-05T08:00:00+00:00,0.002927938576856288,0.0023,0.0024,0.00242497,0.00235,,,0.3761,-0.21076,12.46767,22.2,33.2,9.999999999999983e-05,BTC,79777.18,13047.97
2026-05-04T06:20:01.285567+00:00,BTC-25DEC26-180000-P,81185.54,BTC-25DEC26,put,180000.0,2026-12-25T08:00:00+00:00,0.643585022765768,1.21,1.32,1.2203519,1.265,81185.54,BTC-25DEC26,0.4646,-0.9744,38.8323,0.0,0.0,0.1100000000000001,BTC,79777.18,0.0
2026-05-04T06:20:01.285567+00:00,BTC-29MAY26-87000-P,79866.82,BTC-29MAY26,put,87000.0,2026-05-29T08:00:00+00:00,0.06863635746802672,0.0955,0.1035,0.09991998,0.0995,79866.82,BTC-29MAY26,0.37170000000000003,-0.79754,59.01066,0.0,0.0,0.007999999999999993,BTC,79776.78,0.0
2026-05-04T06:20:01.285567+00:00,BTC-26JUN26-180000-C,80008.94,BTC-26JUN26,call,180000.0,2026-06-26T08:00:00+00:00,0.14529617950772558,0.0001,0.0003,0.00014091,0.0002,80008.94,BTC-26JUN26,0.7034999999999999,0.00193,1.87421,1178.8,0.0,0.00019999999999999998,BTC,79777.18,0.0
2026-05-04T06:20:01.285567+00:00,BTC-26JUN26-95000-P,80008.94,BTC-26JUN26,put,95000.0,2026-06-26T08:00:00+00:00,0.14529617950772558,0.192,0.1995,0.19662433,0.19575,80008.94,BTC-26JUN26,0.38170000000000004,-0.86629,65.77945,981.4,15.3,0.007500000000000007,BTC,79776.78,242714.35
2026-05-04T06:20:01.285567+00:00,BTC-6MAY26-72000-C,79806.32,index_price,call,72000.0,2026-05-06T08:00:00+00:00,0.005665789363988389,0.066,0.127,0.09801799,0.0965,,,0.6520999999999999,0.9829,2.54434,0.0,0.0,0.061,BTC,79776.78,0.0
2026-05-04T06:20:01.285567+00:00,BTC-31JUL26-98000-P,80200.85307692307,SYN.BTC-31JUL26,put,98000.0,2026-07-31T08:00:00+00:00,0.24112095705734912,0.232,0.269,0.23711782,0.2505,80200.85307692307,SYN.BTC-31JUL26,0.3824,-0.83522,97.6685,0.1,0.0,0.037000000000000005,BTC,79776.97,0.0
2026-05-04T06:20:01.285567+00:00,BTC-8MAY26-75000-C,79812.55,BTC-8MAY26,call,75000.0,2026-05-08T08:00:00+00:00,0.011141490938252592,0.0605,0.065,0.06205874,0.06275,79812.55,BTC-8MAY26,0.4314,0.91632,12.95521,79.3,0.1,0.004500000000000004,BTC,79776.97,401.57
2026-05-04T06:20:01.285567+00:00,BTC-31JUL26-75000-P,80200.85307692307,SYN.BTC-31JUL26,put,75000.0,2026-07-31T08:00:00+00:00,0.24112095705734912,0.049,0.05,0.04972611,0.0495,80200.85307692307,SYN.BTC-31JUL26,0.41159999999999997,-0.3333,143.17999,7.5,1.1,0.0010000000000000009,BTC,79776.97,4235.11
2026-05-04T06:20:01.285567+00:00,BTC-25DEC26-35000-P,81185.77,BTC-25DEC26,put,35000.0,2026-12-25T08:00:00+00:00,0.643585022765768,0.007,0.008,0.00742009,0.0075,81185.77,BTC-25DEC26,0.648,-0.03023,44.59362,2077.7,0.1,0.001,BTC,79776.97,59.02
2026-05-04T06:20:01.285567+00:00,BTC-29MAY26-73000-C,79866.82,BTC-29MAY26,call,73000.0,2026-05-29T08:00:00+00:00,0.06863635746802672,0.0965,0.099,0.09757256,0.09775,79866.82,BTC-29MAY26,0.4104,0.81252,56.31575,386.3,2.0,0.0025000000000000022,BTC,79776.97,15919.83
2026-05-04T06:20:01.285567+00:00,BTC-25SEP26-150000-P,80503.32,BTC-25SEP26,put,150000.0,2026-09-25T08:00:00+00:00,0.3944406011367468,0.792,0.947,0.86460273,0.8695,80503.32,BTC-25SEP26,0.43189999999999995,-0.98457,19.62038,0.7,0.0,0.15499999999999992,BTC,79776.97,0.0
2026-05-04T06:20:01.285567+00:00,BTC-29MAY26-75000-C,79866.82,BTC-29MAY26,call,75000.0,2026-05-29T08:00:00+00:00,0.06863635746802672,0.077,0.0795,0.07787567,0.07825,79866.82,BTC-29MAY26,0.39770000000000005,0.74288,67.47942,1726.1,0.8,0.0025000000000000022,BTC,79776.97,4974.58
2026-05-04T06:20:01.285567+00:00,BTC-8MAY26-82000-C,79812.5,BTC-8MAY26,call,82000.0,2026-05-08T08:00:00+00:00,0.011141490938252592,0.005,0.0055,0.00521403,0.00525,79812.5,BTC-8MAY26,0.3543,0.23777,26.05309,3797.0,520.9,0.0004999999999999996,BTC,79776.28,205961.29
2026-05-04T06:20:01.285567+00:00,BTC-26MAR27-50000-P,81859.23,BTC-26MAR27,put,50000.0,2027-03-26T08:00:00+00:00,0.8927294443947892,0.031,0.033,0.03212569,0.032,81859.23,BTC-26MAR27,0.5252,-0.10737,142.91749,1298.8,1.2,0.0020000000000000018,BTC,79776.28,3097.77
2026-05-04T06:20:01.285567+00:00,BTC-26MAR27-190000-C,81859.23,BTC-26MAR27,call,190000.0,2027-03-26T08:00:00+00:00,0.8927294443947892,0.0055,0.0075,0.00640748,0.0065,81859.23,BTC-26MAR27,0.4585,0.04212,69.49827,75.9,1.3,0.002,BTC,79776.28,648.4
2026-05-04T06:20:01.285567+00:00,BTC-26JUN26-55000-P,80008.94,BTC-26JUN26,put,55000.0,2026-06-26T08:00:00+00:00,0.14529617950772558,0.0028,0.003,0.00298887,0.0029,80008.94,BTC-26JUN26,0.5664,-0.0327,22.28466,1311.8,8.7,0.0002000000000000001,BTC,79776.28,2178.77
2026-05-04T06:20:01.285567+00:00,BTC-31JUL26-76000-P,80200.54923076923,SYN.BTC-31JUL26,put,76000.0,2026-07-31T08:00:00+00:00,0.24112095705734912,0.054,0.055,0.05446319,0.0545,80200.54923076923,SYN.BTC-31JUL26,0.40880000000000005,-0.35702,146.90218,61.7,76.1,0.0010000000000000009,BTC,79776.28,362180.63
2026-05-04T06:20:01.285567+00:00,BTC-25DEC26-110000-C,81185.77,BTC-25DEC26,call,110000.0,2026-12-25T08:00:00+00:00,0.643585022765768,0.0395,0.0405,0.04005436,0.04,81185.77,BTC-25DEC26,0.4244,0.23494,200.10752,1845.0,2.7,0.0010000000000000009,BTC,79776.28,8823.9
2026-05-04T06:20:01.285567+00:00,BTC-31JUL26-104000-C,80200.85307692307,SYN.BTC-31JUL26,call,104000.0,2026-07-31T08:00:00+00:00,0.24112095705734912,0.008,0.0085,0.00832543,0.00825,80200.85307692307,SYN.BTC-31JUL26,0.3849,0.10011,69.16732,15.5,1.4,0.0005000000000000004,BTC,79775.56,764.92
2026-05-04T06:20:01.285567+00:00,BTC-4MAY26-80500-C,79806.09,index_price,call,80500.0,2026-05-04T08:00:00+00:00,0.0001900877897241869,,0.0002,7.597e-05,,,,0.3555,0.03212,0.78826,131.2,154.9,,BTC,79775.56,11066.25
2026-05-04T06:20:01.285567+00:00,BTC-25SEP26-88000-P,80503.27,BTC-25SEP26,put,88000.0,2026-09-25T08:00:00+00:00,0.3944406011367468,0.158,0.16,0.15897462,0.159,80503.27,BTC-25SEP26,0.4054,-0.58855,196.70317,0.0,0.0,0.0020000000000000018,BTC,79775.56,0.0
2026-05-04T06:20:01.285567+00:00,BTC-7MAY26-77500-C,79806.09,index_price,call,77500.0,2026-05-07T08:00:00+00:00,0.008403640151120492,0.0295,0.05,0.03272507,0.03975,,,0.37920000000000004,0.8023,20.33651,0.0,0.0,0.020500000000000004,BTC,79775.56,0.0
2026-05-04T06:20:01.285567+00:00,BTC-6MAY26-79500-P,79806.32,index_price,put,79500.0,2026-05-06T08:00:00+00:00,0.005665789363988389,0.0085,0.0095,0.00903965,0.009,,,0.3602,-0.44384,23.72227,6.5,6.8,0.0009999999999999992,BTC,79775.56,4323.24
2026-05-04T06:20:01.285567+00:00,BTC-8MAY26-81000-C,79812.55,BTC-8MAY26,call,81000.0,2026-05-08T08:00:00+00:00,0.011141490938252592,0.0085,0.0095,0.00883047,0.009,79812.55,BTC-8MAY26,0.35609999999999997,0.35043,31.21402,522.5,84.2,0.0009999999999999992,BTC,79775.56,75280.62
2026-05-04T06:20:01.285567+00:00,BTC-26JUN26-240000-P,80008.94,BTC-26JUN26,put,240000.0,2026-06-26T08:00:00+00:00,0.14529617950772558,1.884,2.126,1.99976616,2.005,80008.94,BTC-26JUN26,0.8893000000000001,-0.99893,1.08964,0.1,0.0,0.242,BTC,79775.56,0.0
2026-05-04T06:20:01.285567+00:00,BTC-7MAY26-75000-C,79806.09,index_price,call,75000.0,2026-05-07T08:00:00+00:00,0.008403640151120492,0.0575,0.0865,0.06130097,0.072,,,0.4414,0.93876,8.85431,0.0,0.0,0.02899999999999999,BTC,79775.17,0.0
2026-05-04T06:20:01.285567+00:00,BTC-8MAY26-79000-C,79812.55,BTC-8MAY26,call,79000.0,2026-05-08T08:00:00+00:00,0.011141490938252592,0.0205,0.0215,0.02098342,0.021,79812.55,BTC-8MAY26,0.3663,0.60788,32.36797,488.3,268.6,0.0009999999999999974,BTC,79775.17,284701.99
2026-05-04T06:20:01.285567+00:00,BTC-5MAY26-75000-P,79806.32,index_price,put,75000.0,2026-05-05T08:00:00+00:00,0.002927938576856288,0.0002,0.0004,0.00021431,0.0003,,,0.5568,-0.01918,2.01734,28.9,25.1,0.0002,BTC,79775.56,1013.86
2026-05-04T06:20:01.285567+00:00,BTC-26MAR27-76000-P,81859.23,BTC-26MAR27,put,76000.0,2027-03-26T08:00:00+00:00,0.8927294443947892,0.131,0.1335,0.13236158,0.13225,81859.23,BTC-26MAR27,0.4595,-0.34928,286.25314,6.5,0.0,0.0025000000000000022,BTC,79775.17,0.0
2026-05-04T06:20:01.285567+00:00,BTC-25SEP26-76000-C,80503.27,BTC-25SEP26,call,76000.0,2026-09-25T08:00:00+00:00,0.3944406011367468,0.132,0.1355,0.13383742,0.13375,80503.27,BTC-25SEP26,0.426,0.63585,189.88008,684.8,0.0,0.003500000000000003,BTC,79775.17,0.0
2026-05-04T06:20:01.285567+00:00,BTC-15MAY26-79000-C,79823.91,BTC-15MAY26,call,79000.0,2026-05-15T08:00:00+00:00,0.030306446448177298,0.0315,0.0325,0.03169277,0.032,79823.91,BTC-15MAY26,0.3791,0.57331,54.49724,355.5,155.3,0.0010000000000000009,BTC,79775.51,298452.91
2026-05-04T06:20:01.285567+00:00,BTC-29MAY26-76000-C,79866.82,BTC-29MAY26,call,76000.0,2026-05-29T08:00:00+00:00,0.06863635746802672,0.0675,0.07,0.06885102,0.06875,79866.82,BTC-29MAY26,0.39299999999999996,0.70194,72.53506,1931.9,10.1,0.0025000000000000022,BTC,79775.51,52210.65
2026-05-04T06:20:01.285567+00:00,BTC-26JUN26-68000-C,80008.71,BTC-26JUN26,call,68000.0,2026-06-26T08:00:00+00:00,0.14529617950772558,0.1615,0.165,0.16375332,0.16325,80008.71,BTC-26JUN26,0.4404,0.85334,70.04304,1135.3,0.1,0.003500000000000003,BTC,79775.17,1220.81
2026-05-04T06:20:01.285567+00:00,BTC-15MAY26-80000-P,79823.86,BTC-15MAY26,put,80000.0,2026-05-15T08:00:00+00:00,0.030306446448177298,0.0265,0.0275,0.0272583,0.027,79823.86,BTC-15MAY26,0.3761,-0.50256,55.43452,266.6,11.5,0.0010000000000000009,BTC,79775.51,24553.01
2026-05-04T06:20:01.285567+00:00,BTC-22MAY26-83000-C,79845.32,SYN.BTC-22MAY26,call,83000.0,2026-05-22T08:00:00+00:00,0.049471401958102006,0.017,0.0175,0.01710338,0.01725,79845.32,SYN.BTC-22MAY26,0.3667,0.33108,64.39736,0.0,0.0,0.0005000000000000004,BTC,79775.51,0.0
2026-05-04T06:20:01.285567+00:00,BTC-25SEP26-110000-C,80503.32,BTC-25SEP26,call,110000.0,2026-09-25T08:00:00+00:00,0.3944406011367468,0.014,0.015,0.01469831,0.0145,80503.32,BTC-25SEP26,0.39759999999999995,0.13,106.94701,1792.4,3.5,0.0009999999999999992,BTC,79775.51,3740.41
2026-05-04T06:20:01.285567+00:00,BTC-25DEC26-82000-C,81185.54,BTC-25DEC26,call,82000.0,2026-12-25T08:00:00+00:00,0.643585022765768,0.135,0.137,0.13601112,0.136,81185.54,BTC-25DEC26,0.4404,0.55856,257.01236,77.3,0.0,0.0020000000000000018,BTC,79775.51,0.0
2026-05-04T06:20:01.285567+00:00,BTC-26JUN26-105000-C,80008.71,BTC-26JUN26,call,105000.0,2026-06-26T08:00:00+00:00,0.14529617950772558,0.0027,0.0028,0.00272426,0.00275,80008.71,BTC-26JUN26,0.40340000000000004,0.04531,29.06698,1845.5,8.0,9.999999999999983e-05,BTC,79775.51,1522.99
2026-05-04T06:20:01.285567+00:00,BTC-5MAY26-75500-P,79806.32,index_price,put,75500.0,2026-05-05T08:00:00+00:00,0.002927938576856288,0.0002,0.0004,0.0003073,0.0003,,,0.5357999999999999,-0.02774,2.75227,65.2,19.2,0.0002,BTC,79775.51,840.56
2026-05-04T06:20:01.285567+00:00,BTC-25SEP26-55000-P,80503.32,BTC-25SEP26,put,55000.0,2026-09-25T08:00:00+00:00,0.3944406011367468,0.015,0.016,0.01557189,0.0155,80503.32,BTC-25SEP26,0.515,-0.09042,82.38209,1544.7,20.5,0.0010000000000000009,BTC,79775.07,24001.56
2026-05-04T06:20:01.285567+00:00,BTC-26JUN26-65000-P,80008.94,BTC-26JUN26,put,65000.0,2026-06-26T08:00:00+00:00,0.14529617950772558,0.009,0.0095,0.00934598,0.00925,80008.94,BTC-26JUN26,0.4631,-0.10326,54.78569,1892.2,2.6,0.0005000000000000004,BTC,79775.07,2170.2
2026-05-04T06:20:01.285567+00:00,BTC-25DEC26-130000-P,81185.77,BTC-25DEC26,put,130000.0,2026-12-25T08:00:00+00:00,0.643585022765768,0.6105,0.6255,0.61813797,0.618,81185.77,BTC-25DEC26,0.42829999999999996,-0.88464,126.68874,52.1,0.0,0.014999999999999902,BTC,79775.07,0.0
2026-05-04T06:20:01.285567+00:00,BTC-15MAY26-75000-C,79823.91,BTC-15MAY26,call,75000.0,2026-05-15T08:00:00+00:00,0.030306446448177298,0.0625,0.071,0.06747795,0.06675,79823.91,BTC-15MAY26,0.40409999999999996,0.82025,36.43108,10.0,0.0,0.008499999999999994,BTC,79775.33,0.0
2026-05-04T06:20:01.285567+00:00,BTC-7MAY26-69000-C,79806.09,index_price,call,69000.0,2026-05-07T08:00:00+00:00,0.008403640151120492,0.103,0.163,0.13561173,0.133,,,0.6795,0.99093,1.79007,0.0,0.0,0.06000000000000001,BTC,79775.33,0.0
2026-05-04T06:20:01.285567+00:00,BTC-25DEC26-30000-C,81185.77,BTC-25DEC26,call,30000.0,2026-12-25T08:00:00+00:00,0.643585022765768,0.6345,0.6375,0.63544471,0.636,81185.77,BTC-25DEC26,0.6973,0.98022,31.2318,227.6,0.0,0.0030000000000000027,BTC,79775.07,0.0
2026-05-04T06:20:01.285567+00:00,BTC-25DEC26-180000-C,81185.77,BTC-25DEC26,call,180000.0,2026-12-25T08:00:00+00:00,0.643585022765768,0.0029,0.0036,0.00320885,0.00325,81185.77,BTC-25DEC26,0.4646,0.02561,38.83501,834.4,0.8,0.0007000000000000001,BTC,79775.33,188.9
2026-05-04T06:20:01.285567+00:00,BTC-22MAY26-80000-C,79845.32,SYN.BTC-22MAY26,call,80000.0,2026-05-22T08:00:00+00:00,0.049471401958102006,0.032,0.033,0.03244571,0.0325,79845.32,SYN.BTC-22MAY26,0.3761,0.50576,70.83997,215.8,162.7,0.0010000000000000009,BTC,79775.33,376541.63
2026-05-04T06:20:01.285567+00:00,BTC-4MAY26-67000-P,79806.09,index_price,put,67000.0,2026-05-04T08:00:00+00:00,0.0001900877897241869,,0.0001,0.0,,,,0.6082,0.0,0.0,1.5,0.0,,BTC,79775.33,0.0
2026-05-04T06:20:01.285567+00:00,BTC-31JUL26-68000-P,80200.85307692307,SYN.BTC-31JUL26,put,68000.0,2026-07-31T08:00:00+00:00,0.24112095705734912,0.025,0.026,0.02535333,0.0255,80200.85307692307,SYN.BTC-31JUL26,0.4395,-0.19208,107.57756,71.2,9.0,0.0009999999999999974,BTC,79775.8,18982.93
2026-05-04T06:20:01.285567+00:00,BTC-15MAY26-82000-P,79823.91,BTC-15MAY26,put,82000.0,2026-05-15T08:00:00+00:00,0.030306446448177298,0.0395,0.043,0.04182841,0.04125,79823.91,BTC-15MAY26,0.3688,-0.65255,51.33185,23.2,21.5,0.003499999999999996,BTC,79775.8,67384.84
2026-05-04T06:20:01.285567+00:00,BTC-25SEP26-74000-P,80503.27,BTC-25SEP26,put,74000.0,2026-09-25T08:00:00+00:00,0.3944406011367468,0.067,0.0685,0.06787283,0.06775,80503.27,BTC-25SEP26,0.431,-0.32818,182.67871,65.9,0.0,0.0015000000000000013,BTC,79775.8,0.0
2026-05-04T06:20:01.285567+00:00,BTC-8MAY26-77000-P,79812.5,BTC-8MAY26,put,77000.0,2026-05-08T08:00:00+00:00,0.011141490938252592,0.0041,0.0044,0.00424364,0.00425,79812.5,BTC-8MAY26,0.38880000000000003,-0.18805,22.7137,396.5,28.2,0.0002999999999999999,BTC,79775.8,10188.6
2026-05-04T06:20:01.285567+00:00,BTC-26MAR27-88000-P,81859.14,BTC-26MAR27,put,88000.0,2027-03-26T08:00:00+00:00,0.8927294443947892,0.21,0.218,0.21294447,0.214,81859.14,BTC-26MAR27,0.44530000000000003,-0.485,308.32436,0.2,0.0,0.008000000000000007,BTC,79775.8,0.0
2026-05-04T06:20:01.285567+00:00,BTC-15MAY26-92000-P,79823.91,BTC-15MAY26,put,92000.0,2026-05-15T08:00:00+00:00,0.030306446448177298,0.1475,0.158,0.15322524,0.15275,79823.91,BTC-15MAY26,0.414,-0.97355,8.51367,0.0,0.0,0.01050000000000001,BTC,79775.8,0.0
2026-05-04T06:20:01.285567+00:00,BTC-26JUN26-230000-P,80008.94,BTC-26JUN26,put,230000.0,2026-06-26T08:00:00+00:00,0.14529617950772558,1.764,1.996,1.87483129,1.88,80008.94,BTC-26JUN26,0.8893000000000001,-0.99839,1.58957,6.4,0.0,0.23199999999999998,BTC,79775.8,0.0
2026-05-04T06:20:01.285567+00:00,BTC-26JUN26-150000-P,80008.94,BTC-26JUN26,put,150000.0,2026-06-26T08:00:00+00:00,0.14529617950772558,0.803,0.954,0.87493634,0.8785,80008.94,BTC-26JUN26,0.5618,-0.99766,2.23202,2.3,0.0,0.1509999999999999,BTC,79775.8,0.0
2026-05-04T06:20:01.285567+00:00,BTC-26JUN26-110000-C,80008.71,BTC-26JUN26,call,110000.0,2026-06-26T08:00:00+00:00,0.14529617950772558,0.0014,0.0017,0.0015172,0.00155,80008.71,BTC-26JUN26,0.41479999999999995,0.02649,18.7087,1469.3,2.5,0.0002999999999999999,BTC,79775.8,293.19
2026-05-04T06:20:01.285567+00:00,BTC-26JUN26-62000-C,80008.94,BTC-26JUN26,call,62000.0,2026-06-26T08:00:00+00:00,0.14529617950772558,0.2295,0.234,0.23166321,0.23175,80008.94,BTC-26JUN26,0.4916,0.92687,42.34519,11.8,0.0,0.004500000000000004,BTC,79775.8,0.0
2026-05-04T06:20:01.285567+00:00,BTC-31JUL26-89000-C,80200.85307692307,SYN.BTC-31JUL26,call,89000.0,2026-07-31T08:00:00+00:00,0.24112095705734912,0.036,0.037,0.03624189,0.0365,80200.85307692307,SYN.BTC-31JUL26,0.3847,0.32332,141.42883,26.2,15.3,0.0010000000000000009,BTC,79775.65,36754.47
2026-05-04T06:20:01.285567+00:00,BTC-26JUN26-145000-C,80008.94,BTC-26JUN26,call,145000.0,2026-06-26T08:00:00+00:00,0.14529617950772558,0.0001,0.0002,0.00017091,0.00015,80008.94,BTC-26JUN26,0.5446,0.00289,2.70113,595.3,0.1,0.0001,BTC,79775.65,1.6
2026-05-04T06:20:01.285567+00:00,BTC-26JUN26-260000-C,80008.94,BTC-26JUN26,call,260000.0,2026-06-26T08:00:00+00:00,0.14529617950772558,,0.0001,5.477e-05,,80008.94,BTC-26JUN26,0.9106000000000001,0.00064,0.67856,198.4,0.0,,BTC,79775.65,0.0
2026-05-04T06:20:01.285567+00:00,BTC-25DEC26-62000-P,81185.77,BTC-25DEC26,put,62000.0,2026-12-25T08:00:00+00:00,0.643585022765768,0.047,0.0485,0.04786662,0.04775,81185.77,BTC-25DEC26,0.48119999999999996,-0.18665,174.80359,599.2,0.2,0.0015000000000000013,BTC,79775.65,765.71
2026-05-04T06:20:01.285567+00:00,BTC-25SEP26-45000-C,80503.32,BTC-25SEP26,call,45000.0,2026-09-25T08:00:00+00:00,0.3944406011367468,0.446,0.45,0.448032,0.448,80503.32,BTC-25SEP26,0.593,0.95962,43.90005,148.2,0.0,0.0040000000000000036,BTC,79773.37,0.0
2026-05-04T06:20:01.285567+00:00,BTC-29MAY26-95000-P,79867.11,BTC-29MAY26,put,95000.0,2026-05-29T08:00:00+00:00,0.06863635746802672,0.1855,0.2155,0.19164105,0.2005,79867.11,BTC-29MAY26,0.3946,-0.94832,22.15362,0.8,0.0,0.03,BTC,79773.37,0.0
2026-05-04T06:20:01.285567+00:00,BTC-8MAY26-72000-P,79812.55,BTC-8MAY26,put,72000.0,2026-05-08T08:00:00+00:00,0.011141490938252592,0.0005,0.0008,0.00065495,0.00065,79812.55,BTC-8MAY26,0.5261,-0.03029,5.77758,219.1,15.5,0.00030000000000000003,BTC,79773.37,907.46
2026-05-04T06:20:01.285567+00:00,BTC-15MAY26-75000-P,79823.86,BTC-15MAY26,put,75000.0,2026-05-15T08:00:00+00:00,0.030306446448177298,0.0065,0.0075,0.00702487,0.007,79823.86,BTC-15MAY26,0.40409999999999996,-0.17973,36.42783,282.1,67.5,0.001,BTC,79773.37,46876.4
2026-05-04T06:20:01.285567+00:00,BTC-26MAR27-200000-C,81859.37,BTC-26MAR27,call,200000.0,2027-03-26T08:00:00+00:00,0.8927294443947892,0.0047,0.0055,0.00507698,0.0051,81859.37,BTC-26MAR27,0.46270000000000006,0.03403,58.40042,60.8,1.1,0.0007999999999999995,BTC,79771.76,424.16
2026-05-04T06:20:01.285567+00:00,BTC-6MAY26-76500-C,79806.32,index_price,call,76500.0,2026-05-06T08:00:00+00:00,0.005665789363988389,0.02,0.047,0.04275497,0.0335,,,0.4303,0.90519,10.13588,0.0,0.0,0.027,BTC,79773.37,0.0
2026-05-04T06:20:01.285567+00:00,BTC-31JUL26-96000-P,80200.54923076923,SYN.BTC-31JUL26,put,96000.0,2026-07-31T08:00:00+00:00,0.24112095705734912,0.183,0.241,0.21553139,0.212,80200.54923076923,SYN.BTC-31JUL26,0.3824,-0.80658,108.03402,0.0,0.0,0.057999999999999996,BTC,79771.76,0.0
2026-05-04T06:20:01.285567+00:00,BTC-4MAY26-75500-P,79806.09,index_price,put,75500.0,2026-05-04T08:00:00+00:00,0.0001900877897241869,,0.0001,0.0,,,,0.6053999999999999,0.0,0.0,181.3,61.0,,BTC,79771.76,1144.74
2026-05-04T06:20:01.285567+00:00,BTC-26JUN26-20000-P,80008.94,BTC-26JUN26,put,20000.0,2026-06-26T08:00:00+00:00,0.14529617950772558,0.0001,0.0003,0.00018152,0.0002,80008.94,BTC-26JUN26,1.2971000000000001,-0.00114,1.16203,3914.9,0.5,0.00019999999999999998,BTC,79773.37,3.91
2026-05-04T06:20:01.285567+00:00,BTC-25DEC26-140000-P,81185.77,BTC-25DEC26,put,140000.0,2026-12-25T08:00:00+00:00,0.643585022765768,0.6785,0.8095,0.7358467,0.744,81185.77,BTC-25DEC26,0.4338,-0.91802,98.6171,0.2,0.0,0.131,BTC,79771.76,0.0
2026-05-04T06:20:01.285567+00:00,BTC-25SEP26-125000-P,80503.32,BTC-25SEP26,put,125000.0,2026-09-25T08:00:00+00:00,0.3944406011367468,0.511,0.6055,0.55813155,0.55825,80503.32,BTC-25SEP26,0.4061,-0.94503,56.21189,21.6,0.0,0.09450000000000003,BTC,79771.76,0.0
2026-05-04T06:20:01.285567+00:00,BTC-29MAY26-85000-C,79867.11,BTC-29MAY26,call,85000.0,2026-05-29T08:00:00+00:00,0.06863635746802672,0.0155,0.016,0.01579235,0.01575,79867.11,BTC-29MAY26,0.37070000000000003,0.27521,69.83904,1876.7,33.9,0.0005000000000000004,BTC,79771.76,39025.27
2026-05-04T06:20:01.285567+00:00,BTC-7MAY26-86000-C,79806.09,index_price,call,86000.0,2026-05-07T08:00:00+00:00,0.008403640151120492,0.0004,0.0006,0.00045311,0.0005,,,0.4292,0.02966,4.93047,3.1,3.1,0.00019999999999999993,BTC,79771.55,146.06
2026-05-04T06:20:01.285567+00:00,BTC-26MAR27-102000-P,81859.37,BTC-26MAR27,put,102000.0,2027-03-26T08:00:00+00:00,0.8927294443947892,0.324,0.337,0.33127576,0.3305,81859.37,BTC-26MAR27,0.4357,-0.62902,292.24649,0.0,0.0,0.013000000000000012,BTC,79771.55,0.0
2026-05-04T06:20:01.285567+00:00,BTC-5MAY26-81500-P,79806.32,index_price,put,81500.0,2026-05-05T08:00:00+00:00,0.002927938576856288,0.0185,0.0265,0.02307687,0.0225,,,0.3809,-0.84826,10.1421,4.0,4.0,0.008,BTC,79771.76,7979.09
2026-05-04T06:20:01.285567+00:00,BTC-26JUN26-55000-C,80008.94,BTC-26JUN26,call,55000.0,2026-06-26T08:00:00+00:00,0.14529617950772558,0.3135,0.318,0.31556371,0.31575,80008.94,BTC-26JUN26,0.5664,0.96729,22.28968,220.5,0.0,0.004500000000000004,BTC,79771.76,0.0
2026-05-04T06:20:01.285567+00:00,BTC-26MAR27-96000-C,81859.37,BTC-26MAR27,call,96000.0,2027-03-26T08:00:00+00:00,0.8927294443947892,0.103,0.1065,0.10502039,0.10475,81859.37,BTC-26MAR27,0.43920000000000003,0.42955,303.70301,57.5,0.0,0.003500000000000003,BTC,79771.55,0.0
2026-05-04T06:20:01.285567+00:00,BTC-25SEP26-98000-P,80503.32,BTC-25SEP26,put,98000.0,2026-09-25T08:00:00+00:00,0.3944406011367468,0.2135,0.308,0.25114846,0.26075,80503.32,BTC-25SEP26,0.3981,-0.74626,161.90849,0.0,0.0,0.0945,BTC,79771.55,0.0
2026-05-04T06:20:01.285567+00:00,BTC-25SEP26-40000-C,80503.32,BTC-25SEP26,call,40000.0,2026-09-25T08:00:00+00:00,0.3944406011367468,0.507,0.5095,0.50768545,0.50825,80503.32,BTC-25SEP26,0.6377,0.9741,30.43054,31.4,0.0,0.0024999999999999467,BTC,79771.55,0.0
2026-05-04T06:20:01.285567+00:00,BTC-25SEP26-155000-C,80503.27,BTC-25SEP26,call,155000.0,2026-09-25T08:00:00+00:00,0.3944406011367468,0.0011,0.0012,0.0011402,0.00115,80503.27,BTC-25SEP26,0.4403,0.01287,16.78074,316.6,1.1,9.999999999999983e-05,BTC,79773.11,95.87
2026-05-04T06:20:01.285567+00:00,BTC-15MAY26-86000-C,79823.91,BTC-15MAY26,call,86000.0,2026-05-15T08:00:00+00:00,0.030306446448177298,0.0039,0.0042,0.00404941,0.00405,79823.91,BTC-15MAY26,0.3686,0.12826,29.12133,261.6,12.5,0.0002999999999999999,BTC,79773.11,4048.21
2026-05-04T06:20:01.285567+00:00,BTC-26JUN26-70000-C,80008.71,BTC-26JUN26,call,70000.0,2026-06-26T08:00:00+00:00,0.14529617950772558,0.1405,0.144,0.14275713,0.14225,80008.71,BTC-26JUN26,0.4275,0.81577,81.19,3502.4,3.0,0.0034999999999999754,BTC,79771.55,29641.08
2026-05-04T06:20:01.285567+00:00,BTC-25SEP26-68000-P,80503.32,BTC-25SEP26,put,68000.0,2026-09-25T08:00:00+00:00,0.3944406011367468,0.043,0.044,0.04360056,0.0435,80503.32,BTC-25SEP26,0.449,-0.23028,153.60938,590.6,0.3,0.0010000000000000009,BTC,79773.11,1043.37
2026-05-04T06:20:01.285567+00:00,BTC-25DEC26-70000-P,81185.77,BTC-25DEC26,put,70000.0,2026-12-25T08:00:00+00:00,0.643585022765768,0.077,0.0785,0.07795565,0.07775,81185.77,BTC-25DEC26,0.4592,-0.27916,218.90174,1170.0,2.7,0.0015000000000000013,BTC,79773.11,16990.42
2026-05-04T06:20:01.285567+00:00,BTC-8MAY26-76000-P,79812.5,BTC-8MAY26,put,76000.0,2026-05-08T08:00:00+00:00,0.011141490938252592,0.0025,0.0026,0.00264007,0.00255,79812.5,BTC-8MAY26,0.4061,-0.12431,17.27189,170.7,24.7,9.999999999999983e-05,BTC,79773.0,5597.26
2026-05-04T06:20:01.285567+00:00,BTC-25DEC26-125000-C,81185.77,BTC-25DEC26,call,125000.0,2026-12-25T08:00:00+00:00,0.643585022765768,0.0205,0.0215,0.02083086,0.021,81185.77,BTC-25DEC26,0.4267,0.13783,143.41649,505.7,2.4,0.0009999999999999974,BTC,79773.11,3497.01
2026-05-04T06:20:01.285567+00:00,BTC-6MAY26-76500-P,79806.32,index_price,put,76500.0,2026-05-06T08:00:00+00:00,0.005665789363988389,0.0013,0.0015,0.00143654,0.0014,,,0.4303,-0.09481,10.13564,5.5,2.6,0.0002000000000000001,BTC,79773.11,501.26
2026-05-04T06:20:01.285567+00:00,BTC-26MAR27-95000-C,81859.14,BTC-26MAR27,call,95000.0,2027-03-26T08:00:00+00:00,0.8927294443947892,0.107,0.1105,0.10867392,0.10875,81859.14,BTC-26MAR27,0.4397,0.43982,305.00949,66.1,0.1,0.003500000000000003,BTC,79773.11,815.78
2026-05-04T06:20:01.285567+00:00,BTC-25DEC26-70000-C,81185.77,BTC-25DEC26,call,70000.0,2026-12-25T08:00:00+00:00,0.643585022765768,0.2135,0.2185,0.21573335,0.216,81185.77,BTC-25DEC26,0.4592,0.72084,218.90193,1415.2,0.0,0.0050000000000000044,BTC,79773.0,0.0
2026-05-04T06:20:01.285567+00:00,BTC-31JUL26-79000-C,80200.85307692307,SYN.BTC-31JUL26,call,79000.0,2026-07-31T08:00:00+00:00,0.24112095705734912,0.085,0.086,0.08554031,0.0855,80200.85307692307,SYN.BTC-31JUL26,0.4008,0.56861,154.76629,59.1,50.0,0.000999999999999987,BTC,79773.15,301537.56
2026-05-04T06:20:01.285567+00:00,BTC-25DEC26-30000-P,81185.54,BTC-25DEC26,put,30000.0,2026-12-25T08:00:00+00:00,0.643585022765768,0.0044,0.0055,0.00496855,0.00495,81185.54,BTC-25DEC26,0.6973,-0.01978,31.23216,1447.8,0.2,0.0010999999999999994,BTC,79773.0,86.55
2026-05-04T06:20:01.285567+00:00,BTC-25SEP26-140000-C,80503.32,BTC-25SEP26,call,140000.0,2026-09-25T08:00:00+00:00,0.3944406011367468,0.0022,0.0025,0.00227046,0.00235,80503.32,BTC-25SEP26,0.4204,0.02478,29.32655,1137.6,0.2,0.0002999999999999999,BTC,79773.15,32.15
2026-05-04T06:20:01.285567+00:00,BTC-29MAY26-75000-P,79867.11,BTC-29MAY26,put,75000.0,2026-05-29T08:00:00+00:00,0.06863635746802672,0.0165,0.017,0.01692722,0.01675,79867.11,BTC-29MAY26,0.39770000000000005,-0.25726,67.49579,1223.4,278.6,0.0005000000000000004,BTC,79773.15,398286.07
2026-05-04T06:20:01.285567+00:00,BTC-25DEC26-100000-C,81185.54,BTC-25DEC26,call,100000.0,2026-12-25T08:00:00+00:00,0.643585022765768,0.0615,0.063,0.06236332,0.06225,81185.54,BTC-25DEC26,0.4255,0.32963,235.73876,2444.2,30.3,0.0015000000000000013,BTC,79773.15,152315.09
2026-05-04T06:20:01.285567+00:00,BTC-5MAY26-87000-P,79806.32,index_price,put,87000.0,2026-05-05T08:00:00+00:00,0.002927938576856288,0.055,0.1235,0.09039188,0.08925,,,0.5757,-0.99718,0.37312,0.0,0.0,0.0685,BTC,79773.0,0.0
2026-05-04T06:20:01.285567+00:00,BTC-25SEP26-180000-P,80503.32,BTC-25SEP26,put,180000.0,2026-09-25T08:00:00+00:00,0.3944406011367468,1.15,1.332,1.2363443,1.241,80503.32,BTC-25SEP26,0.4742,-0.99466,7.75221,7.3,0.0,0.18200000000000016,BTC,79773.15,0.0
2026-05-04T06:20:01.285567+00:00,BTC-31JUL26-74000-P,80200.85307692307,SYN.BTC-31JUL26,put,74000.0,2026-07-31T08:00:00+00:00,0.24112095705734912,0.045,0.0455,0.04535613,0.04525,80200.85307692307,SYN.BTC-31JUL26,0.41490000000000005,-0.31046,139.01144,9.0,0.2,0.0005000000000000004,BTC,79773.17,711.62
2026-05-04T06:20:01.285567+00:00,BTC-31JUL26-85000-P,80200.85307692307,SYN.BTC-31JUL26,put,85000.0,2026-07-31T08:00:00+00:00,0.24112095705734912,0.1115,0.1125,0.11201308,0.112,80200.85307692307,SYN.BTC-31JUL26,0.3895,-0.58333,153.65541,10.9,10.8,0.0010000000000000009,BTC,79773.17,97504.24
2026-05-04T06:20:01.285567+00:00,BTC-6MAY26-76000-C,79806.32,index_price,call,76000.0,2026-05-06T08:00:00+00:00,0.005665789363988389,0.0385,0.0535,0.04868953,0.046,,,0.4493,0.927,8.32777,0.0,0.0,0.015,BTC,79773.15,0.0
2026-05-04T06:20:01.285567+00:00,BTC-26MAR27-62000-P,81859.37,BTC-26MAR27,put,62000.0,2027-03-26T08:00:00+00:00,0.8927294443947892,0.0645,0.067,0.06577493,0.06575,81859.37,BTC-26MAR27,0.4853,-0.20209,217.86657,67.8,0.4,0.0025000000000000022,BTC,79773.15,2060.64
2026-05-04T06:20:01.285567+00:00,BTC-29MAY26-71000-P,79866.82,BTC-29MAY26,put,71000.0,2026-05-29T08:00:00+00:00,0.06863635746802672,0.0075,0.008,0.00790493,0.00775,79866.82,BTC-29MAY26,0.42619999999999997,-0.13408,45.21537,370.0,27.2,0.0005000000000000004,BTC,79773.17,18652.91
2026-05-04T06:20:01.285567+00:00,BTC-26JUN26-300000-C,80008.94,BTC-26JUN26,call,300000.0,2026-06-26T08:00:00+00:00,0.14529617950772558,,0.0001,2.517e-05,,80008.94,BTC-26JUN26,0.9576,0.00029,0.33006,308.3,0.0,,BTC,79773.17,0.0
2026-05-04T06:20:01.285567+00:00,BTC-5MAY26-82000-C,79806.32,index_price,call,82000.0,2026-05-05T08:00:00+00:00,0.002927938576856288,0.0009,0.0012,0.00099389,0.00105,,,0.3908,0.09859,7.49757,64.9,38.2,0.0002999999999999999,BTC,79773.17,3817.63
2026-05-04T06:20:01.285567+00:00,BTC-5MAY26-86000-C,79806.32,index_price,call,86000.0,2026-05-05T08:00:00+00:00,0.002927938576856288,,0.0002,8.392e-05,,,,0.5735,0.00805,0.95182,32.9,7.9,,BTC,79773.17,63.23
2026-05-04T06:20:01.285567+00:00,BTC-5MAY26-71000-P,79806.32,index_price,put,71000.0,2026-05-05T08:00:00+00:00,0.002927938576856288,,0.0001,2.95e-06,,,,0.6364,-0.00034,0.05308,76.8,0.0,,BTC,79773.17,0.0
2026-05-04T06:20:01.285567+00:00,BTC-6MAY26-78500-C,79806.32,index_price,call,78500.0,2026-05-06T08:00:00+00:00,0.005665789363988389,0.02,0.0225,0.0211292,0.02125,,,0.3749,0.72046,20.20033,8.5,6.3,0.0024999999999999988,BTC,79773.17,5597.23
2026-05-04T06:20:01.285567+00:00,BTC-7MAY26-89000-P,79806.09,index_price,put,89000.0,2026-05-07T08:00:00+00:00,0.008403640151120492,0.108,0.1555,0.11536132,0.13175,,,0.5154,-0.98893,2.12975,0.0,0.0,0.0475,BTC,79773.09,0.0
2026-05-04T06:20:01.285567+00:00,BTC-25DEC26-105000-C,81185.77,BTC-25DEC26,call,105000.0,2026-12-25T08:00:00+00:00,0.643585022765768,0.049,0.0505,0.04994687,0.04975,81185.77,BTC-25DEC26,0.42450000000000004,0.27895,218.82261,754.9,8.3,0.0015000000000000013,BTC,79773.09,34296.03
2026-05-04T06:20:01.285567+00:00,BTC-7MAY26-89000-C,79806.09,index_price,call,89000.0,2026-05-07T08:00:00+00:00,0.008403640151120492,0.0001,0.0004,0.00017924,0.00025,,,0.5154,0.01107,2.12975,0.0,0.0,0.00030000000000000003,BTC,79773.09,0.0
2026-05-04T06:20:01.285567+00:00,BTC-7MAY26-78000-P,79806.09,index_price,put,78000.0,2026-05-07T08:00:00+00:00,0.008403640151120492,0.0049,0.0055,0.00508427,0.0052,,,0.373,-0.25036,23.26157,1.1,1.1,0.0005999999999999998,BTC,79772.7,553.16
2026-05-04T06:20:01.285567+00:00,BTC-25DEC26-58000-P,81185.77,BTC-25DEC26,put,58000.0,2026-12-25T08:00:00+00:00,0.643585022765768,0.036,0.0375,0.03696473,0.03675,81185.77,BTC-25DEC26,0.4963,-0.14859,150.8907,60.2,0.0,0.0015000000000000013,BTC,79773.09,0.0
2026-05-04T06:20:01.285567+00:00,BTC-7MAY26-80000-C,79806.09,index_price,call,80000.0,2026-05-07T08:00:00+00:00,0.008403640151120492,0.0115,0.0125,0.01190569,0.012,,,0.35700000000000004,0.47183,29.10813,94.1,106.4,0.0010000000000000009,BTC,79772.7,54198.34
2026-05-04T06:20:01.285567+00:00,BTC-31JUL26-79000-P,80200.85307692307,SYN.BTC-31JUL26,put,79000.0,2026-07-31T08:00:00+00:00,0.24112095705734912,0.07,0.071,0.07059139,0.0705,80200.85307692307,SYN.BTC-31JUL26,0.4008,-0.43139,154.76636,84.9,0.0,0.000999999999999987,BTC,79772.7,0.0
2026-05-04T06:20:01.285567+00:00,BTC-8MAY26-86000-P,79812.55,BTC-8MAY26,put,86000.0,2026-05-08T08:00:00+00:00,0.011141490938252592,0.073,0.111,0.07809538,0.092,79812.55,BTC-8MAY26,0.3897,-0.9643,6.61501,1.2,0.0,0.038000000000000006,BTC,79772.7,0.0
2026-05-04T06:20:01.285567+00:00,BTC-25SEP26-145000-P,80503.27,BTC-25SEP26,put,145000.0,2026-09-25T08:00:00+00:00,0.3944406011367468,0.7565,0.841,0.80294766,0.79875,80503.27,BTC-25SEP26,0.42840000000000006,-0.97994,24.54073,0.2,0.0,0.08450000000000002,BTC,79772.7,0.0
2026-05-04T06:20:01.285567+00:00,BTC-22MAY26-84000-P,79845.32,SYN.BTC-22MAY26,put,84000.0,2026-05-22T08:00:00+00:00,0.049471401958102006,0.0625,0.0665,0.06558885,0.0645,79845.32,SYN.BTC-22MAY26,0.36590000000000006,-0.72141,59.63215,0.2,0.2,0.0040000000000000036,BTC,79772.7,1046.19
2026-05-04T06:20:01.285567+00:00,BTC-5MAY26-86000-P,79806.32,index_price,put,86000.0,2026-05-05T08:00:00+00:00,0.002927938576856288,0.039,0.1135,0.07791606,0.07625,,,0.5735,-0.99195,0.95138,0.0,0.0,0.07450000000000001,BTC,79772.7,0.0
2026-05-04T06:20:01.285567+00:00,BTC-25DEC26-94000-P,81185.77,BTC-25DEC26,put,94000.0,2026-12-25T08:00:00+00:00,0.643585022765768,0.2355,0.241,0.23921376,0.23825,81185.77,BTC-25DEC26,0.4285,-0.60089,251.45187,0.7,0.0,0.005500000000000005,BTC,79772.7,0.0
2026-05-04T06:20:01.285567+00:00,BTC-31JUL26-66000-P,80200.54923076923,SYN.BTC-31JUL26,put,66000.0,2026-07-31T08:00:00+00:00,0.24112095705734912,0.0205,0.021,0.02071098,0.02075,80200.54923076923,SYN.BTC-31JUL26,0.4497,-0.16091,96.16686,16.4,3.9,0.0005000000000000004,BTC,79772.67,6513.08
2026-05-04T06:20:01.285567+00:00,BTC-8MAY26-70000-P,79812.5,BTC-8MAY26,put,70000.0,2026-05-08T08:00:00+00:00,0.011141490938252592,0.0003,0.0005,0.00041141,0.0004,79812.5,BTC-8MAY26,0.5991,-0.01779,3.69114,484.4,84.0,0.00020000000000000004,BTC,79772.67,2528.99
2026-05-04T06:20:01.285567+00:00,BTC-25DEC26-220000-C,81185.54,BTC-25DEC26,call,220000.0,2026-12-25T08:00:00+00:00,0.643585022765768,0.0011,0.0017,0.00131234,0.0014,81185.54,BTC-25DEC26,0.49770000000000003,0.01081,18.5758,222.2,0.0,0.0005999999999999998,BTC,79772.67,0.0
2026-05-04T06:20:01.285567+00:00,BTC-26MAR27-80000-C,81859.37,BTC-26MAR27,call,80000.0,2027-03-26T08:00:00+00:00,0.8927294443947892,0.177,0.1815,0.17972412,0.17925,81859.37,BTC-26MAR27,0.4545,0.60536,297.7062,306.6,0.1,0.004500000000000004,BTC,79772.67,1474.11
2026-05-04T06:20:01.285567+00:00,BTC-7MAY26-77000-P,79806.09,index_price,put,77000.0,2026-05-07T08:00:00+00:00,0.008403640151120492,0.0027,0.003,0.00286485,0.00285,,,0.3875,-0.15537,17.45712,6.6,6.6,0.0002999999999999999,BTC,79772.48,2394.85
2026-05-04T06:20:01.285567+00:00,BTC-25SEP26-175000-P,80503.32,BTC-25SEP26,put,175000.0,2026-09-25T08:00:00+00:00,0.3944406011367468,1.09,1.2675,1.17433502,1.17875,80503.32,BTC-25SEP26,0.4692,-0.99357,9.13324,0.2,0.0,0.1775,BTC,79772.48,0.0
2026-05-04T06:20:01.285567+00:00,BTC-4MAY26-73500-P,79806.09,index_price,put,73500.0,2026-05-04T08:00:00+00:00,0.0001900877897241869,,0.0001,0.0,,,,0.6076,0.0,0.0,29.8,0.0,,BTC,79772.48,0.0
2026-05-04T06:20:01.285567+00:00,BTC-29MAY26-48000-C,79866.82,BTC-29MAY26,call,48000.0,2026-05-29T08:00:00+00:00,0.06863635746802672,0.395,0.418,0.39922926,0.4065,79866.82,BTC-29MAY26,0.7476,0.99649,2.20573,0.0,0.0,0.022999999999999965,BTC,79772.48,0.0
2026-05-04T06:20:01.285567+00:00,BTC-25DEC26-56000-P,81185.77,BTC-25DEC26,put,56000.0,2026-12-25T08:00:00+00:00,0.643585022765768,0.0315,0.033,0.03240378,0.03225,81185.77,BTC-25DEC26,0.5051,-0.13177,139.05942,71.3,0.0,0.0015000000000000013,BTC,79772.48,0.0
2026-05-04T06:20:01.285567+00:00,BTC-25SEP26-75000-P,80503.32,BTC-25SEP26,put,75000.0,2026-09-25T08:00:00+00:00,0.3944406011367468,0.072,0.0735,0.07278547,0.07275,80503.32,BTC-25SEP26,0.4286,-0.3461,186.4775,3029.4,0.2,0.0015000000000000013,BTC,79772.48,1139.24
2026-05-04T06:20:01.285567+00:00,BTC-4MAY26-82000-C,79806.09,index_price,call,82000.0,2026-05-04T08:00:00+00:00,0.0001900877897241869,,0.0001,1.9e-07,,,,0.5305,8e-05,0.00352,142.9,41.8,,BTC,79774.97,515.49
2026-05-04T06:20:01.285567+00:00,BTC-25DEC26-94000-C,81185.77,BTC-25DEC26,call,94000.0,2026-12-25T08:00:00+00:00,0.643585022765768,0.0805,0.082,0.08137239,0.08125,81185.77,BTC-25DEC26,0.4285,0.3991,251.4501,55.4,2.0,0.0015000000000000013,BTC,79772.48,13406.47
2026-05-04T06:20:01.285567+00:00,BTC-25DEC26-140000-C,81185.54,BTC-25DEC26,call,140000.0,2026-12-25T08:00:00+00:00,0.643585022765768,0.011,0.012,0.01140211,0.0115,81185.54,BTC-25DEC26,0.4338,0.08199,98.63032,1121.8,6.8,0.0010000000000000009,BTC,79774.97,5839.24
2026-05-04T06:20:01.285567+00:00,BTC-8MAY26-88000-C,79812.55,BTC-8MAY26,call,88000.0,2026-05-08T08:00:00+00:00,0.011141490938252592,0.0002,0.0004,0.00027417,0.0003,79812.55,BTC-8MAY26,0.4314,0.01674,3.504,0.0,0.0,0.0002,BTC,79774.97,0.0
2026-05-04T06:20:01.285567+00:00,BTC-29MAY26-98000-C,79866.82,BTC-29MAY26,call,98000.0,2026-05-29T08:00:00+00:00,0.06863635746802672,0.0012,0.0015,0.00129768,0.00135,79866.82,BTC-29MAY26,0.40990000000000004,0.03198,15.00794,1440.5,2.3,0.00030000000000000014,BTC,79774.97,184.68
2026-05-04T06:20:01.285567+00:00,BTC-29MAY26-68000-C,79867.11,BTC-29MAY26,call,68000.0,2026-05-29T08:00:00+00:00,0.06863635746802672,0.151,0.156,0.15300994,0.1535,79867.11,BTC-29MAY26,0.45270000000000005,0.92109,30.78404,643.6,0.0,0.0050000000000000044,BTC,79774.97,0.0
2026-05-04T06:20:01.285567+00:00,BTC-6MAY26-80500-P,79806.32,index_price,put,80500.0,2026-05-06T08:00:00+00:00,0.005665789363988389,0.015,0.0165,0.01574318,0.01575,,,0.35700000000000004,-0.62642,22.74646,2.1,2.8,0.0015000000000000013,BTC,79774.97,3123.43
2026-05-04T06:20:01.285567+00:00,BTC-8MAY26-90000-P,79812.55,BTC-8MAY26,put,90000.0,2026-05-08T08:00:00+00:00,0.011141490938252592,0.0875,0.147,0.12780236,0.11725,79812.55,BTC-8MAY26,0.4867,-0.9897,2.30405,4.9,0.0,0.0595,BTC,79774.85,0.0
2026-05-04T06:20:01.285567+00:00,BTC-25SEP26-90000-C,80503.32,BTC-25SEP26,call,90000.0,2026-09-25T08:00:00+00:00,0.3944406011367468,0.0575,0.0585,0.05788551,0.058,80503.32,BTC-25SEP26,0.4033,0.37638,191.9224,1438.4,0.8,0.0010000000000000009,BTC,79774.85,3386.85
2026-05-04T06:20:01.285567+00:00,BTC-25SEP26-56000-C,80503.32,BTC-25SEP26,call,56000.0,2026-09-25T08:00:00+00:00,0.3944406011367468,0.3185,0.3235,0.32111534,0.321,80503.32,BTC-25SEP26,0.5071,0.9027,86.9598,9.2,0.0,0.0050000000000000044,BTC,79774.85,0.0
2026-05-04T06:20:01.285567+00:00,BTC-7MAY26-75000-P,79806.09,index_price,put,75000.0,2026-05-07T08:00:00+00:00,0.008403640151120492,0.001,0.0012,0.00106115,0.0011,,,0.4414,-0.06126,8.85638,20.0,26.0,0.00019999999999999987,BTC,79774.85,3318.23
2026-05-04T06:20:01.285567+00:00,BTC-29MAY26-87000-C,79867.11,BTC-29MAY26,call,87000.0,2026-05-29T08:00:00+00:00,0.06863635746802672,0.01,0.011,0.01062018,0.0105,79867.11,BTC-29MAY26,0.37170000000000003,0.20235,58.99023,282.3,53.8,0.0009999999999999992,BTC,79774.85,35242.9
2026-05-04T06:20:01.285567+00:00,BTC-25DEC26-76000-P,81185.77,BTC-25DEC26,put,76000.0,2026-12-25T08:00:00+00:00,0.643585022765768,0.1075,0.1095,0.1085291,0.1085,81185.77,BTC-25DEC26,0.4482,-0.3586,243.31745,127.2,0.0,0.0020000000000000018,BTC,79774.85,0.0
2026-05-04T06:20:01.285567+00:00,BTC-29MAY26-57000-P,79867.11,BTC-29MAY26,put,57000.0,2026-05-29T08:00:00+00:00,0.06863635746802672,0.0006,0.0007,0.00066344,0.00065,79867.11,BTC-29MAY26,0.5891,-0.01197,6.52114,610.5,0.1,0.00010000000000000005,BTC,79774.94,4.01
2026-05-04T06:20:01.285567+00:00,BTC-25DEC26-250000-C,81185.77,BTC-25DEC26,call,250000.0,2026-12-25T08:00:00+00:00,0.643585022765768,0.0007,0.001,0.00076712,0.00085,81185.77,BTC-25DEC26,0.5195000000000001,0.00639,11.71361,1139.2,0.1,0.00030000000000000003,BTC,79774.94,5.49
2026-05-04T06:20:01.285567+00:00,BTC-25SEP26-62000-C,80503.27,BTC-25SEP26,call,62000.0,2026-09-25T08:00:00+00:00,0.3944406011367468,0.2545,0.259,0.25707415,0.25675,80503.27,BTC-25SEP26,0.4742,0.84723,119.31772,13.1,0.0,0.004500000000000004,BTC,79774.94,0.0
2026-05-04T06:20:01.285567+00:00,BTC-31JUL26-58000-P,80200.85307692307,SYN.BTC-31JUL26,put,58000.0,2026-07-31T08:00:00+00:00,0.24112095705734912,0.009,0.0095,0.00916649,0.00925,80200.85307692307,SYN.BTC-31JUL26,0.5013000000000001,-0.07547,56.0116,45.7,1.9,0.0005000000000000004,BTC,79774.85,1488.21
2026-05-04T06:20:01.285567+00:00,BTC-26MAR27-70000-C,81859.37,BTC-26MAR27,call,70000.0,2027-03-26T08:00:00+00:00,0.8927294443947892,0.241,0.2475,0.24494163,0.24425,81859.37,BTC-26MAR27,0.4689,0.71696,261.70085,896.7,0.2,0.006500000000000006,BTC,79774.94,3917.05
2026-05-04T06:20:01.285567+00:00,BTC-4MAY26-85000-P,79806.09,index_price,put,85000.0,2026-05-04T08:00:00+00:00,0.0001900877897241869,0.0415,0.086,0.06509948,0.06375,,,0.5711999999999999,-1.0,0.0,0.0,0.0,0.04449999999999999,BTC,79774.92,0.0
2026-05-04T06:20:01.285567+00:00,BTC-4MAY26-68000-C,79806.09,index_price,call,68000.0,2026-05-04T08:00:00+00:00,0.0001900877897241869,0.1435,0.1775,0.14792041,0.1605,,,0.6082,1.0,0.0,0.0,0.0,0.034,BTC,79774.92,0.0
2026-05-04T06:20:01.285567+00:00,BTC-31JUL26-67000-C,80200.85307692307,SYN.BTC-31JUL26,call,67000.0,2026-07-31T08:00:00+00:00,0.24112095705734912,0.184,0.1905,0.18743669,0.18725,80200.85307692307,SYN.BTC-31JUL26,0.444,0.82424,101.78883,0.0,0.0,0.006500000000000006,BTC,79774.94,0.0
2026-05-04T06:20:01.285567+00:00,BTC-25SEP26-70000-C,80503.32,BTC-25SEP26,call,70000.0,2026-09-25T08:00:00+00:00,0.3944406011367468,0.179,0.183,0.1812896,0.181,80503.32,BTC-25SEP26,0.4426,0.73904,164.29521,1372.7,6.6,0.0040000000000000036,BTC,79774.92,96346.73
2026-05-04T06:20:01.285567+00:00,BTC-8MAY26-78000-C,79812.5,BTC-8MAY26,call,78000.0,2026-05-08T08:00:00+00:00,0.011141490938252592,0.0285,0.0305,0.02953676,0.0295,79812.5,BTC-8MAY26,0.3749,0.72245,28.23153,879.0,15.5,0.0019999999999999983,BTC,79774.92,34249.79
2026-05-04T06:20:01.285567+00:00,BTC-25SEP26-260000-P,80503.32,BTC-25SEP26,put,260000.0,2026-09-25T08:00:00+00:00,0.3944406011367468,2.105,2.365,2.22968882,2.235,80503.32,BTC-25SEP26,0.5690999999999999,-0.99904,1.64493,0.0,0.0,0.26000000000000023,BTC,79774.92,0.0
2026-05-04T06:20:01.285567+00:00,BTC-5MAY26-74000-P,79806.32,index_price,put,74000.0,2026-05-05T08:00:00+00:00,0.002927938576856288,0.0001,0.0003,0.00016766,0.0002,,,0.6361,-0.01357,1.49922,101.3,23.0,0.00019999999999999998,BTC,79774.92,216.94
2026-05-04T06:20:01.285567+00:00,BTC-22MAY26-85000-P,79847.11,SYN.BTC-22MAY26,put,85000.0,2026-05-22T08:00:00+00:00,0.049471401958102006,0.063,0.115,0.07528926,0.089,79847.11,SYN.BTC-22MAY26,0.3669,-0.76757,54.24028,0.0,0.0,0.052000000000000005,BTC,79774.92,0.0
2026-05-04T06:20:01.285567+00:00,BTC-26JUN26-165000-C,80008.94,BTC-26JUN26,call,165000.0,2026-06-26T08:00:00+00:00,0.14529617950772558,0.0001,0.0002,0.00014072,0.00015,80008.94,BTC-26JUN26,0.6364,0.00211,2.02696,177.0,0.0,0.0001,BTC,79774.92,0.0
2026-05-04T06:20:01.285567+00:00,BTC-26JUN26-66000-P,80008.94,BTC-26JUN26,put,66000.0,2026-06-26T08:00:00+00:00,0.14529617950772558,0.01,0.0105,0.01046385,0.01025,80008.94,BTC-26JUN26,0.4533,-0.11524,59.28161,972.1,1401.8,0.0005000000000000004,BTC,79774.92,1892445.54
2026-05-04T06:20:01.285567+00:00,BTC-4MAY26-73000-P,79806.09,index_price,put,73000.0,2026-05-04T08:00:00+00:00,0.0001900877897241869,,0.0001,0.0,,,,0.6077,0.0,0.0,59.6,0.0,,BTC,79775.95,0.0
2026-05-04T06:20:01.285567+00:00,BTC-29MAY26-92000-C,79866.82,BTC-29MAY26,call,92000.0,2026-05-29T08:00:00+00:00,0.06863635746802672,0.0037,0.004,0.00384059,0.00385,79866.82,BTC-29MAY26,0.3823,0.08617,32.89436,678.6,0.4,0.0002999999999999999,BTC,79775.95,119.44
2026-05-04T06:20:01.285567+00:00,BTC-15MAY26-85000-C,79823.91,BTC-15MAY26,call,85000.0,2026-05-15T08:00:00+00:00,0.030306446448177298,0.0055,0.006,0.00568236,0.00575,79823.91,BTC-15MAY26,0.3671,0.16956,35.10497,1375.8,949.8,0.0005000000000000004,BTC,79776.56,452326.58
2026-05-04T06:20:01.285567+00:00,BTC-25DEC26-110000-P,81185.54,BTC-25DEC26,put,110000.0,2026-12-25T08:00:00+00:00,0.643585022765768,0.389,0.4005,0.39497511,0.39475,81185.54,BTC-25DEC26,0.4244,-0.76513,200.07247,53.2,0.0,0.01150000000000001,BTC,79775.95,0.0
2026-05-04T06:20:01.285567+00:00,BTC-5MAY26-74000-C,79806.32,index_price,call,74000.0,2026-05-05T08:00:00+00:00,0.002927938576856288,0.0615,0.078,0.07273071,0.06975,,,0.6361,0.98645,1.49769,0.0,0.0,0.0165,BTC,79775.95,0.0
2026-05-04T06:20:01.285567+00:00,BTC-5MAY26-77500-P,79806.32,index_price,put,77500.0,2026-05-05T08:00:00+00:00,0.002927938576856288,0.0009,0.0011,0.0009914,0.001,,,0.41229999999999994,-0.09514,7.30158,27.7,15.8,0.0002000000000000001,BTC,79775.95,2944.58
2026-05-04T06:20:01.285567+00:00,BTC-8MAY26-65000-P,79812.55,BTC-8MAY26,put,65000.0,2026-05-08T08:00:00+00:00,0.011141490938252592,0.0001,0.0002,0.00014979,0.00015,79812.55,BTC-8MAY26,0.7786,-0.0056,1.34643,851.1,30.8,0.0001,BTC,79776.56,248.39
2026-05-04T06:20:01.285567+00:00,BTC-4MAY26-79000-P,79806.09,index_price,put,79000.0,2026-05-04T08:00:00+00:00,0.0001900877897241869,0.0001,0.0002,0.0001962,0.00015,,,0.4894,-0.06914,1.44883,33.7,38.5,0.0001,BTC,79776.56,7606.86
2026-05-04T06:20:01.285567+00:00,BTC-22MAY26-76000-C,79845.32,SYN.BTC-22MAY26,call,76000.0,2026-05-22T08:00:00+00:00,0.049471401958102006,0.062,0.0655,0.06331547,0.06375,79845.32,SYN.BTC-22MAY26,0.392,0.72789,58.94724,1.0,1.0,0.003500000000000003,BTC,79776.56,4817.62
2026-05-04T06:20:01.285567+00:00,BTC-25DEC26-125000-P,81185.77,BTC-25DEC26,put,125000.0,2026-12-25T08:00:00+00:00,0.643585022765768,0.554,0.605,0.56051354,0.5795,81185.77,BTC-25DEC26,0.4267,-0.86215,143.4383,8.5,0.0,0.050999999999999934,BTC,79776.56,0.0
2026-05-04T06:20:01.285567+00:00,BTC-5MAY26-79000-P,79806.32,index_price,put,79000.0,2026-05-05T08:00:00+00:00,0.002927938576856288,0.0038,0.0039,0.00393679,0.00385,,,0.36869999999999997,-0.30821,15.18618,14.9,20.3,9.999999999999983e-05,BTC,79776.56,8222.15
2026-05-04T06:20:01.285567+00:00,BTC-31JUL26-100000-P,80200.85307692307,SYN.BTC-31JUL26,put,100000.0,2026-07-31T08:00:00+00:00,0.24112095705734912,0.254,0.2935,0.25926311,0.27375,80200.85307692307,SYN.BTC-31JUL26,0.3825,-0.86034,87.50667,0.0,0.0,0.03949999999999998,BTC,79776.56,0.0
2026-05-04T06:20:01.285567+00:00,BTC-15MAY26-85000-P,79823.91,BTC-15MAY26,put,85000.0,2026-05-15T08:00:00+00:00,0.030306446448177298,0.0665,0.093,0.07050221,0.07975,79823.91,BTC-15MAY26,0.3671,-0.83044,35.10511,4.8,0.1,0.026499999999999996,BTC,79776.47,687.44
2026-05-04T06:20:01.285567+00:00,BTC-8MAY26-76000-C,79812.5,BTC-8MAY26,call,76000.0,2026-05-08T08:00:00+00:00,0.011141490938252592,0.0485,0.053,0.05042474,0.05075,79812.5,BTC-8MAY26,0.4061,0.87596,17.2453,112.5,0.1,0.004499999999999997,BTC,79776.47,381.75
2026-05-04T06:20:01.285567+00:00,BTC-31JUL26-106000-P,80200.54923076923,SYN.BTC-31JUL26,put,106000.0,2026-07-31T08:00:00+00:00,0.24112095705734912,0.3225,0.3735,0.32858846,0.348,80200.54923076923,SYN.BTC-31JUL26,0.387,-0.91517,61.18797,0.0,0.0,0.05099999999999999,BTC,79776.47,0.0
2026-05-04T06:20:01.285567+00:00,BTC-26MAR27-110000-P,81859.37,BTC-26MAR27,put,110000.0,2027-03-26T08:00:00+00:00,0.8927294443947892,0.3405,0.497,0.40824187,0.41875,81859.37,BTC-26MAR27,0.4329,-0.69795,269.73452,0.4,0.0,0.15649999999999997,BTC,79776.47,0.0
2026-05-04T06:20:01.285567+00:00,BTC-25SEP26-90000-P,80503.32,BTC-25SEP26,put,90000.0,2026-09-25T08:00:00+00:00,0.3944406011367468,0.1735,0.177,0.17582446,0.17525,80503.32,BTC-25SEP26,0.4033,-0.62355,191.94225,585.2,5.0,0.003500000000000003,BTC,79777.54,74489.71
2026-05-04T06:20:01.285567+00:00,BTC-7MAY26-71000-P,79806.09,index_price,put,71000.0,2026-05-07T08:00:00+00:00,0.008403640151120492,0.0002,0.0004,0.00030591,0.0003,,,0.5981000000000001,-0.01552,2.85231,0.8,0.8,0.0002,BTC,79776.47,29.17
2026-05-04T06:20:01.285567+00:00,BTC-25SEP26-320000-P,80503.32,BTC-25SEP26,put,320000.0,2026-09-25T08:00:00+00:00,0.3944406011367468,2.822,3.1415,2.97499891,2.98175,80503.32,BTC-25SEP26,0.6659999999999999,-0.999,1.70333,0.1,0.0,0.3195000000000001,BTC,79777.54,0.0
2026-05-04T06:20:01.285567+00:00,BTC-15MAY26-81000-P,79823.91,BTC-15MAY26,put,81000.0,2026-05-15T08:00:00+00:00,0.030306446448177298,0.0335,0.0345,0.03406752,0.034,79823.91,BTC-15MAY26,0.37229999999999996,-0.57851,54.36002,15.1,16.1,0.0010000000000000009,BTC,79777.54,43998.52
2026-05-04T06:20:01.285567+00:00,BTC-31JUL26-81000-P,80200.85307692307,SYN.BTC-31JUL26,put,81000.0,2026-07-31T08:00:00+00:00,0.24112095705734912,0.0825,0.0835,0.08302515,0.083,80200.85307692307,SYN.BTC-31JUL26,0.39630000000000004,-0.48228,156.9483,10.2,0.0,0.0010000000000000009,BTC,79777.54,0.0
2026-05-04T06:20:01.285567+00:00,BTC-26MAR27-68000-C,81859.37,BTC-26MAR27,call,68000.0,2027-03-26T08:00:00+00:00,0.8927294443947892,0.256,0.2625,0.25985066,0.25925,81859.37,BTC-26MAR27,0.47240000000000004,0.73823,251.75108,6.7,0.3,0.006500000000000006,BTC,79777.54,6101.91
2026-05-04T06:20:01.285567+00:00,BTC-8MAY26-78000-P,79812.55,BTC-8MAY26,put,78000.0,2026-05-08T08:00:00+00:00,0.011141490938252592,0.0065,0.007,0.00681039,0.00675,79812.55,BTC-8MAY26,0.3749,-0.27672,28.19285,160.1,63.3,0.0005000000000000004,BTC,79782.2,46237.77
2026-05-04T06:20:01.285567+00:00,BTC-31JUL26-88000-P,80200.85307692307,SYN.BTC-31JUL26,put,88000.0,2026-07-31T08:00:00+00:00,0.24112095705734912,0.1345,0.1395,0.13710941,0.137,80200.85307692307,SYN.BTC-31JUL26,0.386,-0.65415,145.22421,1.0,0.0,0.0050000000000000044,BTC,79777.54,0.0
2026-05-04T06:20:01.285567+00:00,BTC-25SEP26-94000-C,80503.32,BTC-25SEP26,call,94000.0,2026-09-25T08:00:00+00:00,0.3944406011367468,0.044,0.045,0.04440317,0.0445,80503.32,BTC-25SEP26,0.40009999999999996,0.31136,178.71137,93.1,0.2,0.0010000000000000009,BTC,79782.2,647.62
2026-05-04T06:20:01.285567+00:00,BTC-15MAY26-78000-C,79823.91,BTC-15MAY26,call,78000.0,2026-05-15T08:00:00+00:00,0.030306446448177298,0.0385,0.04,0.03931274,0.03925,79823.91,BTC-15MAY26,0.3832,0.64627,51.66781,885.4,58.8,0.0015000000000000013,BTC,79777.54,149230.9
2026-05-04T06:20:01.285567+00:00,BTC-26JUN26-250000-P,80008.94,BTC-26JUN26,put,250000.0,2026-06-26T08:00:00+00:00,0.14529617950772558,2.0045,2.256,2.12473304,2.13025,80008.94,BTC-26JUN26,0.9024,-0.99915,0.87977,0.0,0.0,0.2514999999999996,BTC,79782.2,0.0
2026-05-04T06:20:01.285567+00:00,BTC-15MAY26-65000-P,79823.91,BTC-15MAY26,put,65000.0,2026-05-15T08:00:00+00:00,0.030306446448177298,0.0005,0.0007,0.00058688,0.0006,79823.91,BTC-15MAY26,0.5642,-0.01617,5.61385,207.5,16.2,0.00019999999999999998,BTC,79782.2,943.56
2026-05-04T06:20:01.285567+00:00,BTC-31JUL26-74000-C,80200.85307692307,SYN.BTC-31JUL26,call,74000.0,2026-07-31T08:00:00+00:00,0.24112095705734912,0.1205,0.1255,0.12265006,0.123,80200.85307692307,SYN.BTC-31JUL26,0.41490000000000005,0.68964,138.99966,0.0,0.0,0.0050000000000000044,BTC,79782.2,0.0
2026-05-04T06:20:01.285567+00:00,BTC-25DEC26-96000-C,81185.77,BTC-25DEC26,call,96000.0,2026-12-25T08:00:00+00:00,0.643585022765768,0.0735,0.0755,0.07447207,0.0745,81185.77,BTC-25DEC26,0.42719999999999997,0.37514,247.00711,66.1,12.1,0.0020000000000000018,BTC,79782.2,74403.79
2026-05-04T06:20:01.285567+00:00,BTC-26JUN26-58000-C,80008.94,BTC-26JUN26,call,58000.0,2026-06-26T08:00:00+00:00,0.14529617950772558,0.2775,0.2815,0.27923575,0.2795,80008.94,BTC-26JUN26,0.5326,0.95404,29.40715,10.4,0.0,0.003999999999999948,BTC,79782.2,0.0
2026-05-04T06:20:01.285567+00:00,BTC-5MAY26-83000-C,79806.32,index_price,call,83000.0,2026-05-05T08:00:00+00:00,0.002927938576856288,0.0003,0.0005,0.000385,0.0004,,,0.4192,0.04183,3.85673,66.5,67.5,0.00020000000000000004,BTC,79782.2,2602.3
2026-05-04T06:20:01.285567+00:00,BTC-26JUN26-50000-C,80008.94,BTC-26JUN26,call,50000.0,2026-06-26T08:00:00+00:00,0.14529617950772558,0.375,0.379,0.37677849,0.377,80008.94,BTC-26JUN26,0.625,0.98182,13.61643,339.0,1.0,0.0040000000000000036,BTC,79779.05,29788.16
2026-05-04T06:20:01.285567+00:00,BTC-25DEC26-68000-C,81185.77,BTC-25DEC26,call,68000.0,2026-12-25T08:00:00+00:00,0.643585022765768,0.2295,0.2345,0.23165555,0.232,81185.77,BTC-25DEC26,0.4635,0.74588,208.76007,185.0,0.0,0.004999999999999977,BTC,79779.05,0.0
2026-05-04T06:20:01.285567+00:00,BTC-25SEP26-94000-P,80503.27,BTC-25SEP26,put,94000.0,2026-09-25T08:00:00+00:00,0.3944406011367468,0.209,0.216,0.21202831,0.2125,80503.27,BTC-25SEP26,0.40009999999999996,-0.68864,178.71209,0.0,0.0,0.007000000000000006,BTC,79779.05,0.0
2026-05-04T06:20:01.285567+00:00,BTC-26MAR27-100000-C,81859.37,BTC-26MAR27,call,100000.0,2027-03-26T08:00:00+00:00,0.8927294443947892,0.0895,0.093,0.09141873,0.09125,81859.37,BTC-26MAR27,0.4368,0.39,296.75247,128.5,0.0,0.003500000000000003,BTC,79779.05,0.0
2026-05-04T06:20:01.285567+00:00,BTC-26MAR27-68000-P,81859.37,BTC-26MAR27,put,68000.0,2027-03-26T08:00:00+00:00,0.8927294443947892,0.089,0.0915,0.09054501,0.09025,81859.37,BTC-26MAR27,0.47240000000000004,-0.26176,251.74878,36.2,0.2,0.0025000000000000022,BTC,79779.05,1429.89
2026-05-04T06:20:01.285567+00:00,BTC-6MAY26-82000-P,79806.32,index_price,put,82000.0,2026-05-06T08:00:00+00:00,0.005665789363988389,0.026,0.06,0.03008707,0.043,,,0.3713,-0.83283,15.03394,0.0,0.0,0.034,BTC,79783.87,0.0
2026-05-04T06:20:01.285567+00:00,BTC-8MAY26-74000-P,79812.5,BTC-8MAY26,put,74000.0,2026-05-08T08:00:00+00:00,0.011141490938252592,0.0011,0.0013,0.0012008,0.0012,79812.5,BTC-8MAY26,0.45990000000000003,-0.05742,9.69427,900.0,33.7,0.00019999999999999987,BTC,79786.24,5151.59
2026-05-04T06:20:01.285567+00:00,BTC-6MAY26-75000-P,79806.32,index_price,put,75000.0,2026-05-06T08:00:00+00:00,0.005665789363988389,0.0006,0.0007,0.00072281,0.00065,,,0.4951,-0.04611,5.80509,48.7,19.0,0.00010000000000000005,BTC,79783.87,1580.21
2026-05-04T06:20:01.285567+00:00,BTC-7MAY26-77500-P,79806.09,index_price,put,77500.0,2026-05-07T08:00:00+00:00,0.008403640151120492,0.0036,0.0039,0.00381059,0.00375,,,0.37920000000000004,-0.19679,20.27961,2.4,3.8,0.0002999999999999999,BTC,79783.87,1576.62
2026-05-04T06:20:01.285567+00:00,BTC-26JUN26-280000-P,80008.94,BTC-26JUN26,put,280000.0,2026-06-26T08:00:00+00:00,0.14529617950772558,2.3645,2.6455,2.49964461,2.505,80008.94,BTC-26JUN26,0.9137000000000001,-0.99969,0.34881,0.0,0.0,0.28100000000000014,BTC,79783.87,0.0
2026-05-04T06:20:01.285567+00:00,BTC-26JUN26-220000-C,80008.94,BTC-26JUN26,call,220000.0,2026-06-26T08:00:00+00:00,0.14529617950772558,,0.0003,0.00015608,,80008.94,BTC-26JUN26,0.8619,0.00178,1.74354,678.1,40.2,,BTC,79786.24,315.63
2026-05-04T06:20:01.285567+00:00,BTC-26JUN26-40000-C,80008.94,BTC-26JUN26,call,40000.0,2026-06-26T08:00:00+00:00,0.14529617950772558,0.5,0.5025,0.5007262,0.50125,80008.94,BTC-26JUN26,0.7764,0.99361,5.48392,31.7,1.6,0.0024999999999999467,BTC,79786.24,63135.22
2026-05-04T06:20:01.285567+00:00,BTC-26JUN26-76000-P,80008.94,BTC-26JUN26,put,76000.0,2026-06-26T08:00:00+00:00,0.14529617950772558,0.037,0.0375,0.03732447,0.03725,80008.94,BTC-26JUN26,0.39840000000000003,-0.33991,111.74541,846.7,157.2,0.0005000000000000004,BTC,79786.24,505976.47
2026-05-04T06:20:01.285567+00:00,BTC-8MAY26-66000-C,79812.5,BTC-8MAY26,call,66000.0,2026-05-08T08:00:00+00:00,0.011141490938252592,0.172,0.175,0.1732613,0.1735,79812.5,BTC-8MAY26,0.7448999999999999,0.99296,1.64908,8.1,0.1,0.0030000000000000027,BTC,79786.62,1247.23
2026-05-04T06:20:01.285567+00:00,BTC-26JUN26-90000-C,80008.94,BTC-26JUN26,call,90000.0,2026-06-26T08:00:00+00:00,0.14529617950772558,0.0175,0.018,0.01787869,0.01775,80008.94,BTC-26JUN26,0.3785,0.22834,92.24,6365.1,73.6,0.000499999999999997,BTC,79786.24,104657.28
2026-05-04T06:20:01.285567+00:00,BTC-26JUN26-260000-P,80008.94,BTC-26JUN26,put,260000.0,2026-06-26T08:00:00+00:00,0.14529617950772558,2.1245,2.3855,2.24970097,2.255,80008.94,BTC-26JUN26,0.9106000000000001,-0.99936,0.67955,0.0,0.0,0.2610000000000001,BTC,79786.24,0.0
2026-05-04T06:20:01.285567+00:00,BTC-25SEP26-78000-P,80503.32,BTC-25SEP26,put,78000.0,2026-09-25T08:00:00+00:00,0.3944406011367468,0.088,0.0895,0.08888451,0.08875,80503.32,BTC-25SEP26,0.4216,-0.40104,195.47844,325.7,9.1,0.0015000000000000013,BTC,79786.62,67488.6
2026-05-04T06:20:01.285567+00:00,BTC-7MAY26-80500-P,79806.09,index_price,put,80500.0,2026-05-07T08:00:00+00:00,0.008403640151120492,0.0175,0.018,0.01785465,0.01775,,,0.3555,-0.6015,28.23287,0.4,0.4,0.000499999999999997,BTC,79786.24,497.84
2026-05-04T06:20:01.285567+00:00,BTC-26JUN26-130000-C,80008.94,BTC-26JUN26,call,130000.0,2026-06-26T08:00:00+00:00,0.14529617950772558,0.0002,0.0004,0.00031644,0.0003,80008.94,BTC-26JUN26,0.48479999999999995,0.00565,4.91762,1532.6,0.0,0.0002,BTC,79786.62,0.0
2026-05-04T06:20:01.285567+00:00,BTC-26JUN26-45000-C,80008.94,BTC-26JUN26,call,45000.0,2026-06-26T08:00:00+00:00,0.14529617950772558,0.4365,0.4405,0.43862139,0.4385,80008.94,BTC-26JUN26,0.6964,0.98928,8.63465,5.8,0.0,0.0040000000000000036,BTC,79786.62,0.0
2026-05-04T06:20:01.285567+00:00,BTC-8MAY26-74000-C,79812.55,BTC-8MAY26,call,74000.0,2026-05-08T08:00:00+00:00,0.011141490938252592,0.0725,0.076,0.07404377,0.07425,79812.55,BTC-8MAY26,0.45990000000000003,0.94267,9.68301,31.3,0.1,0.003500000000000003,BTC,79786.62,467.17
2026-05-04T06:20:01.285567+00:00,BTC-7MAY26-79000-P,79806.09,index_price,put,79000.0,2026-05-07T08:00:00+00:00,0.008403640151120492,0.0085,0.009,0.00873205,0.00875,,,0.36210000000000003,-0.37623,27.76672,0.7,0.8,0.0004999999999999987,BTC,79786.62,595.69
2026-05-04T06:20:01.285567+00:00,BTC-26MAR27-125000-P,81859.37,BTC-26MAR27,put,125000.0,2027-03-26T08:00:00+00:00,0.8927294443947892,0.4935,0.6585,0.56559542,0.576,81859.37,BTC-26MAR27,0.43170000000000003,-0.79788,217.93026,0.0,0.0,0.16499999999999998,BTC,79786.62,0.0
2026-05-04T06:20:01.285567+00:00,BTC-15MAY26-77000-C,79823.86,BTC-15MAY26,call,77000.0,2026-05-15T08:00:00+00:00,0.030306446448177298,0.0465,0.0495,0.04790251,0.048,79823.86,BTC-15MAY26,0.3889,0.71336,47.31106,205.8,6.1,0.0030000000000000027,BTC,79786.62,18702.11
2026-05-04T06:20:01.285567+00:00,BTC-26MAR27-115000-C,81859.37,BTC-26MAR27,call,115000.0,2027-03-26T08:00:00+00:00,0.8927294443947892,0.053,0.0555,0.05424885,0.05425,81859.37,BTC-26MAR27,0.43200000000000005,0.26474,253.23547,394.2,0.6,0.0025000000000000022,BTC,79786.34,2602.48
2026-05-04T06:20:01.285567+00:00,BTC-26MAR27-86000-C,81859.37,BTC-26MAR27,call,86000.0,2027-03-26T08:00:00+00:00,0.8927294443947892,0.1455,0.149,0.14746437,0.14725,81859.37,BTC-26MAR27,0.4472,0.53743,307.22878,30.3,0.2,0.003500000000000003,BTC,79786.34,2256.84
2026-05-04T06:20:01.285567+00:00,BTC-4MAY26-79000-C,79806.09,index_price,call,79000.0,2026-05-04T08:00:00+00:00,0.0001900877897241869,0.009,0.012,0.01028021,0.0105,,,0.4894,0.93348,1.40638,151.5,119.9,0.003000000000000001,BTC,79786.34,36579.34
2026-05-04T06:20:01.285567+00:00,BTC-7MAY26-76000-P,79806.09,index_price,put,76000.0,2026-05-07T08:00:00+00:00,0.008403640151120492,0.0016,0.0018,0.00167135,0.0017,,,0.41009999999999996,-0.09479,12.34319,24.6,32.2,0.00019999999999999987,BTC,79786.34,7518.39
2026-05-04T06:20:01.285567+00:00,BTC-25DEC26-55000-P,81185.77,BTC-25DEC26,put,55000.0,2026-12-25T08:00:00+00:00,0.643585022765768,0.0295,0.031,0.0302732,0.03025,81185.77,BTC-25DEC26,0.5095000000000001,-0.12377,133.15779,1003.6,0.3,0.0015000000000000013,BTC,79786.2,744.31
2026-05-04T06:20:01.285567+00:00,BTC-25SEP26-98000-C,80503.27,BTC-25SEP26,call,98000.0,2026-09-25T08:00:00+00:00,0.3944406011367468,0.0335,0.0345,0.03383715,0.034,80503.27,BTC-25SEP26,0.3981,0.25405,162.04541,130.4,2.0,0.0010000000000000009,BTC,79786.2,5553.11
2026-05-04T06:20:01.285567+00:00,BTC-26JUN26-88000-P,80008.94,BTC-26JUN26,put,88000.0,2026-06-26T08:00:00+00:00,0.14529617950772558,0.1215,0.1245,0.12292282,0.123,80008.94,BTC-26JUN26,0.37799999999999995,-0.72239,102.24703,2.0,0.0,0.0030000000000000027,BTC,79786.2,0.0
2026-05-04T06:20:01.285567+00:00,BTC-6MAY26-83000-C,79806.32,index_price,call,83000.0,2026-05-06T08:00:00+00:00,0.005665789363988389,0.0011,0.0013,0.001166,0.0012,,,0.3831,0.08824,9.61055,5.3,1.8,0.00019999999999999987,BTC,79786.2,89.77
2026-05-04T06:20:01.285567+00:00,BTC-29MAY26-85000-P,79867.11,BTC-29MAY26,put,85000.0,2026-05-29T08:00:00+00:00,0.06863635746802672,0.0785,0.082,0.08005077,0.08025,79867.11,BTC-29MAY26,0.37070000000000003,-0.72421,69.92233,55.7,0.8,0.003500000000000003,BTC,79786.17,5826.84
2026-05-04T06:20:01.285567+00:00,BTC-22MAY26-85000-C,79845.32,SYN.BTC-22MAY26,call,85000.0,2026-05-22T08:00:00+00:00,0.049471401958102006,0.0105,0.011,0.01073347,0.01075,79845.32,SYN.BTC-22MAY26,0.3669,0.23294,54.31493,55.0,7.6,0.0004999999999999987,BTC,79786.2,6699.62
2026-05-04T06:20:01.285567+00:00,BTC-25SEP26-100000-P,80503.27,BTC-25SEP26,put,100000.0,2026-09-25T08:00:00+00:00,0.3944406011367468,0.267,0.277,0.27160261,0.272,80503.27,BTC-25SEP26,0.39740000000000003,-0.77178,152.86541,271.5,0.0,0.010000000000000009,BTC,79786.17,0.0
2026-05-04T06:20:01.285567+00:00,BTC-5MAY26-87000-C,79806.32,index_price,call,87000.0,2026-05-05T08:00:00+00:00,0.002927938576856288,,0.0001,2.681e-05,,,,0.5757,0.00285,0.37763,15.1,5.1,,BTC,79786.2,40.87
2026-05-04T06:20:01.285567+00:00,BTC-5MAY26-77000-P,79806.32,index_price,put,77000.0,2026-05-05T08:00:00+00:00,0.002927938576856288,0.0006,0.0007,0.00066331,0.00065,,,0.4354,-0.06381,5.39433,71.2,28.1,0.00010000000000000005,BTC,79786.17,4210.75
2026-05-04T06:20:01.285567+00:00,BTC-29MAY26-50000-C,79867.11,BTC-29MAY26,call,50000.0,2026-05-29T08:00:00+00:00,0.06863635746802672,0.361,0.3965,0.37427619,0.37875,79867.11,BTC-29MAY26,0.7188,0.99507,2.99069,0.0,0.0,0.03550000000000003,BTC,79786.17,0.0
2026-05-04T06:20:01.285567+00:00,BTC-5MAY26-74500-P,79806.32,index_price,put,74500.0,2026-05-05T08:00:00+00:00,0.002927938576856288,0.0001,0.0003,0.000199,0.0002,,,0.6012,-0.01658,1.78114,16.9,0.6,0.00019999999999999998,BTC,79786.17,12.57
2026-05-04T06:20:01.285567+00:00,BTC-7MAY26-76500-C,79806.09,index_price,call,76500.0,2026-05-07T08:00:00+00:00,0.008403640151120492,0.04,0.048,0.04361684,0.044,,,0.3978,0.87936,14.68808,0.0,0.0,0.008,BTC,79786.17,0.0
2026-05-04T06:20:01.285567+00:00,BTC-26JUN26-200000-C,80008.94,BTC-26JUN26,call,200000.0,2026-06-26T08:00:00+00:00,0.14529617950772558,0.0001,0.0003,0.00014109,0.0002,80008.94,BTC-26JUN26,0.7836,0.00177,1.72837,1023.0,0.0,0.00019999999999999998,BTC,79786.17,0.0
2026-05-04T06:20:01.285567+00:00,BTC-8MAY26-82000-P,79812.5,BTC-8MAY26,put,82000.0,2026-05-08T08:00:00+00:00,0.011141490938252592,0.028,0.054,0.03260425,0.041,79812.5,BTC-8MAY26,0.3543,-0.76109,26.12267,5.7,0.4,0.026,BTC,79786.17,1413.27
2026-05-04T06:20:01.285567+00:00,BTC-26MAR27-102000-C,81859.37,BTC-26MAR27,call,102000.0,2027-03-26T08:00:00+00:00,0.8927294443947892,0.0835,0.087,0.08523423,0.08525,81859.37,BTC-26MAR27,0.4357,0.37118,292.3599,22.6,0.0,0.0034999999999999892,BTC,79786.64,0.0
2026-05-04T06:20:01.285567+00:00,BTC-25DEC26-78000-P,81185.54,BTC-25DEC26,put,78000.0,2026-12-25T08:00:00+00:00,0.643585022765768,0.119,0.1215,0.12033825,0.12025,81185.54,BTC-25DEC26,0.44549999999999995,-0.3859,249.15418,215.1,0.1,0.0025000000000000022,BTC,79786.64,945.08
2026-05-04T06:20:01.285567+00:00,BTC-29MAY26-56000-C,79867.11,BTC-29MAY26,call,56000.0,2026-05-29T08:00:00+00:00,0.06863635746802672,0.272,0.3245,0.29944419,0.29825,79867.11,BTC-29MAY26,0.6083,0.98945,5.84338,0.0,0.0,0.05249999999999999,BTC,79786.91,0.0
2026-05-04T06:20:01.285567+00:00,BTC-25SEP26-80000-C,80503.32,BTC-25SEP26,call,80000.0,2026-09-25T08:00:00+00:00,0.3944406011367468,0.1065,0.108,0.1071466,0.10725,80503.32,BTC-25SEP26,0.4174,0.56119,199.34165,1886.6,22.0,0.0015000000000000013,BTC,79786.91,172206.88
2026-05-04T06:20:01.285567+00:00,BTC-26JUN26-280000-C,80008.94,BTC-26JUN26,call,280000.0,2026-06-26T08:00:00+00:00,0.14529617950772558,,0.0001,2.563e-05,,80008.94,BTC-26JUN26,0.9137000000000001,0.00031,0.34892,231.0,0.0,,BTC,79786.64,0.0
2026-05-04T06:20:01.285567+00:00,BTC-31JUL26-72000-P,80200.85307692307,SYN.BTC-31JUL26,put,72000.0,2026-07-31T08:00:00+00:00,0.24112095705734912,0.037,0.038,0.03756353,0.0375,80200.85307692307,SYN.BTC-31JUL26,0.42219999999999996,-0.26673,129.42883,10.8,6.3,0.0010000000000000009,BTC,79786.64,19686.74
2026-05-04T06:20:01.285567+00:00,BTC-29MAY26-70000-C,79866.82,BTC-29MAY26,call,70000.0,2026-05-29T08:00:00+00:00,0.06863635746802672,0.1285,0.132,0.12994436,0.13025,79866.82,BTC-29MAY26,0.4322,0.88883,39.64816,961.5,0.3,0.003500000000000003,BTC,79786.91,2959.67
2026-05-04T06:20:01.285567+00:00,BTC-25SEP26-92000-P,80503.32,BTC-25SEP26,put,92000.0,2026-09-25T08:00:00+00:00,0.3944406011367468,0.1905,0.197,0.19361044,0.19375,80503.32,BTC-25SEP26,0.4019,-0.65666,185.95862,2.9,0.0,0.006500000000000006,BTC,79786.91,0.0
2026-05-04T06:20:01.285567+00:00,BTC-29MAY26-100000-C,79866.82,BTC-29MAY26,call,100000.0,2026-05-29T08:00:00+00:00,0.06863635746802672,0.0009,0.0011,0.00089634,0.001,79866.82,BTC-29MAY26,0.4175,0.02287,11.34747,301.2,7.1,0.0002000000000000001,BTC,79786.91,535.08
2026-05-04T06:20:01.285567+00:00,BTC-26MAR27-58000-C,81859.37,BTC-26MAR27,call,58000.0,2027-03-26T08:00:00+00:00,0.8927294443947892,0.3405,0.3465,0.34382054,0.3435,81859.37,BTC-26MAR27,0.4963,0.83366,193.02091,0.5,0.0,0.00599999999999995,BTC,79786.91,0.0
2026-05-04T06:20:01.285567+00:00,BTC-26MAR27-94000-C,81859.37,BTC-26MAR27,call,94000.0,2027-03-26T08:00:00+00:00,0.8927294443947892,0.1105,0.114,0.11251829,0.11225,81859.37,BTC-26MAR27,0.44049999999999995,0.45043,306.20734,28.3,0.0,0.003500000000000003,BTC,79786.91,0.0
2026-05-04T06:20:01.285567+00:00,BTC-26MAR27-72000-C,81859.37,BTC-26MAR27,call,72000.0,2027-03-26T08:00:00+00:00,0.8927294443947892,0.227,0.233,0.23064112,0.23,81859.37,BTC-26MAR27,0.46549999999999997,0.69538,270.80005,16.6,0.1,0.006000000000000005,BTC,79786.91,1890.15
2026-05-04T06:20:01.285567+00:00,BTC-6MAY26-73000-C,79806.32,index_price,call,73000.0,2026-05-06T08:00:00+00:00,0.005665789363988389,0.077,0.09,0.08559493,0.0835,,,0.6043999999999999,0.97625,3.36189,0.0,0.0,0.012999999999999998,BTC,79786.03,0.0
2026-05-04T06:20:01.285567+00:00,BTC-4MAY26-77000-C,79806.09,index_price,call,77000.0,2026-05-04T08:00:00+00:00,0.0001900877897241869,0.034,0.037,0.03514519,0.0355,,,0.6051,0.99999,0.00041,6.7,0.2,0.0029999999999999957,BTC,79786.91,540.56
2026-05-04T06:20:01.285567+00:00,BTC-26JUN26-140000-C,80008.94,BTC-26JUN26,call,140000.0,2026-06-26T08:00:00+00:00,0.14529617950772558,0.0001,0.0003,0.00017563,0.0002,80008.94,BTC-26JUN26,0.5175,0.00311,2.87917,742.3,7.4,0.00019999999999999998,BTC,79786.03,117.93
2026-05-04T06:20:01.285567+00:00,BTC-25DEC26-55000-C,81185.77,BTC-25DEC26,call,55000.0,2026-12-25T08:00:00+00:00,0.643585022765768,0.35,0.3555,0.35281282,0.35275,81185.77,BTC-25DEC26,0.5095000000000001,0.87624,133.15638,30.3,0.0,0.005500000000000005,BTC,79786.03,0.0
2026-05-04T06:20:01.285567+00:00,BTC-8MAY26-71000-C,79812.55,BTC-8MAY26,call,71000.0,2026-05-08T08:00:00+00:00,0.011141490938252592,0.1095,0.1135,0.11090254,0.1115,79812.55,BTC-8MAY26,0.5548,0.97864,4.31279,0.1,0.0,0.0040000000000000036,BTC,79786.03,0.0
2026-05-04T06:20:01.285567+00:00,BTC-31JUL26-90000-P,80200.85307692307,SYN.BTC-31JUL26,put,90000.0,2026-07-31T08:00:00+00:00,0.24112095705734912,0.1515,0.1575,0.15514749,0.1545,80200.85307692307,SYN.BTC-31JUL26,0.3836,-0.69802,137.34659,0.4,0.0,0.006000000000000005,BTC,79786.03,0.0
2026-05-04T06:20:01.285567+00:00,BTC-25DEC26-240000-C,81185.77,BTC-25DEC26,call,240000.0,2026-12-25T08:00:00+00:00,0.643585022765768,0.0008,0.001,0.00088267,0.0009,81185.77,BTC-25DEC26,0.511,0.00738,13.2998,877.3,0.0,0.00019999999999999998,BTC,79786.51,0.0
2026-05-04T06:20:01.285567+00:00,BTC-31JUL26-105000-C,80200.85307692307,SYN.BTC-31JUL26,call,105000.0,2026-07-31T08:00:00+00:00,0.24112095705734912,0.007,0.008,0.00749728,0.0075,80200.85307692307,SYN.BTC-31JUL26,0.3851,0.09178,64.89463,25.5,0.4,0.001,BTC,79786.51,210.65
2026-05-04T06:20:01.285567+00:00,BTC-8MAY26-80000-C,79812.55,BTC-8MAY26,call,80000.0,2026-05-08T08:00:00+00:00,0.011141490938252592,0.0135,0.0145,0.01396144,0.014,79812.55,BTC-8MAY26,0.358,0.4803,33.56547,2378.6,1826.7,0.0010000000000000009,BTC,79786.51,2119249.63
2026-05-04T06:20:01.285567+00:00,BTC-26MAR27-66000-P,81859.37,BTC-26MAR27,put,66000.0,2027-03-26T08:00:00+00:00,0.8927294443947892,0.0805,0.083,0.08166383,0.08175,81859.37,BTC-26MAR27,0.4764,-0.24106,241.04722,30.7,0.3,0.0025000000000000022,BTC,79786.51,1933.43
2026-05-04T06:20:01.285567+00:00,BTC-26JUN26-75000-P,80008.94,BTC-26JUN26,put,75000.0,2026-06-26T08:00:00+00:00,0.14529617950772558,0.0325,0.0335,0.03312705,0.033,80008.94,BTC-26JUN26,0.4025,-0.30968,107.5564,1905.6,313.4,0.0010000000000000009,BTC,79786.51,915848.49
2026-05-04T06:20:01.285567+00:00,BTC-25DEC26-75000-C,81185.54,BTC-25DEC26,call,75000.0,2026-12-25T08:00:00+00:00,0.643585022765768,0.178,0.181,0.17915404,0.1795,81185.54,BTC-25DEC26,0.4499,0.65519,239.9393,577.7,0.1,0.0030000000000000027,BTC,79786.22,1345.0
2026-05-04T06:20:01.285567+00:00,BTC-29MAY26-62000-P,79866.82,BTC-29MAY26,put,62000.0,2026-05-29T08:00:00+00:00,0.06863635746802672,0.0014,0.0017,0.00152116,0.00155,79866.82,BTC-29MAY26,0.5228,-0.02777,13.35349,302.6,6.4,0.0002999999999999999,BTC,79786.22,809.38
2026-05-04T06:20:01.285567+00:00,BTC-4MAY26-77500-C,79806.09,index_price,call,77500.0,2026-05-04T08:00:00+00:00,0.0001900877897241869,0.0275,0.0305,0.02888021,0.029,,,0.5915,0.99984,0.00657,38.6,6.5,0.002999999999999999,BTC,79786.51,10629.85
2026-05-04T06:20:01.285567+00:00,BTC-22MAY26-90000-P,79845.32,SYN.BTC-22MAY26,put,90000.0,2026-05-22T08:00:00+00:00,0.049471401958102006,0.0985,0.1495,0.13016972,0.124,79845.32,SYN.BTC-22MAY26,0.3746,-0.9187,26.72786,0.0,0.0,0.05099999999999999,BTC,79786.22,0.0
2026-05-04T06:20:01.285567+00:00,BTC-26JUN26-30000-C,80008.94,BTC-26JUN26,call,30000.0,2026-06-26T08:00:00+00:00,0.14529617950772558,0.6245,0.627,0.6253681,0.62575,80008.94,BTC-26JUN26,0.9875,0.99739,2.45901,71.4,0.0,0.0024999999999999467,BTC,79786.22,0.0
2026-05-04T06:20:01.285567+00:00,BTC-31JUL26-72000-C,80200.54923076923,SYN.BTC-31JUL26,call,72000.0,2026-07-31T08:00:00+00:00,0.24112095705734912,0.119,0.1425,0.13979546,0.13075,80200.54923076923,SYN.BTC-31JUL26,0.42219999999999996,0.73327,129.42797,0.0,0.0,0.023499999999999993,BTC,79786.22,0.0
2026-05-04T06:20:01.285567+00:00,BTC-26JUN26-135000-P,80008.94,BTC-26JUN26,put,135000.0,2026-06-26T08:00:00+00:00,0.14529617950772558,0.6225,0.7595,0.68759566,0.691,80008.94,BTC-26JUN26,0.5107,-0.99518,4.26684,14.2,0.0,0.1369999999999999,BTC,79786.22,0.0
2026-05-04T06:20:01.285567+00:00,BTC-25SEP26-50000-P,80503.32,BTC-25SEP26,put,50000.0,2026-09-25T08:00:00+00:00,0.3944406011367468,0.01,0.0105,0.01041799,0.01025,80503.32,BTC-25SEP26,0.5508,-0.06075,60.82304,3158.6,6.9,0.0005000000000000004,BTC,79786.27,5548.42
2026-05-04T06:20:01.285567+00:00,BTC-15MAY26-82000-C,79823.86,BTC-15MAY26,call,82000.0,2026-05-15T08:00:00+00:00,0.030306446448177298,0.0145,0.015,0.01459045,0.01475,79823.86,BTC-15MAY26,0.3688,0.34833,51.38625,630.1,161.5,0.0004999999999999987,BTC,79786.22,184459.09
2026-05-04T06:20:01.285567+00:00,BTC-7MAY26-79000-C,79806.09,index_price,call,79000.0,2026-05-07T08:00:00+00:00,0.008403640151120492,0.018,0.0195,0.01885132,0.01875,,,0.36210000000000003,0.62373,27.76753,3.2,3.2,0.0015000000000000013,BTC,79786.27,3358.08
2026-05-04T06:20:01.285567+00:00,BTC-26JUN26-76000-C,80008.94,BTC-26JUN26,call,76000.0,2026-06-26T08:00:00+00:00,0.14529617950772558,0.086,0.0885,0.08742789,0.08725,80008.94,BTC-26JUN26,0.39840000000000003,0.66013,111.74218,999.3,0.5,0.0025000000000000022,BTC,79786.27,3651.42
2026-05-04T06:20:01.285567+00:00,BTC-26MAR27-64000-P,81859.37,BTC-26MAR27,put,64000.0,2027-03-26T08:00:00+00:00,0.8927294443947892,0.072,0.0745,0.0733449,0.07325,81859.37,BTC-26MAR27,0.4804,-0.22106,229.66737,59.5,0.1,0.0025000000000000022,BTC,79786.27,580.23
2026-05-04T06:20:01.285567+00:00,BTC-31JUL26-70000-P,80200.85307692307,SYN.BTC-31JUL26,put,70000.0,2026-07-31T08:00:00+00:00,0.24112095705734912,0.0305,0.0315,0.03093833,0.031,80200.85307692307,SYN.BTC-31JUL26,0.4304,-0.22726,118.78934,56.9,2.7,0.0010000000000000009,BTC,79786.27,6784.36
2026-05-04T06:20:01.285567+00:00,BTC-26MAR27-115000-P,81859.37,BTC-26MAR27,put,115000.0,2027-03-26T08:00:00+00:00,0.8927294443947892,0.3895,0.5495,0.4590996,0.4695,81859.37,BTC-26MAR27,0.43200000000000005,-0.73524,253.2451,0.0,0.0,0.15999999999999998,BTC,79786.27,0.0
2026-05-04T06:20:01.285567+00:00,BTC-22MAY26-65000-P,79845.32,SYN.BTC-22MAY26,put,65000.0,2026-05-22T08:00:00+00:00,0.049471401958102006,0.0011,0.0014,0.0012809,0.00125,79845.32,SYN.BTC-22MAY26,0.5012,-0.02867,11.6372,35.5,0.5,0.0002999999999999999,BTC,79786.4,52.1
2026-05-04T06:20:01.285567+00:00,BTC-15MAY26-79000-P,79823.86,BTC-15MAY26,put,79000.0,2026-05-15T08:00:00+00:00,0.030306446448177298,0.021,0.0215,0.02134886,0.02125,79823.86,BTC-15MAY26,0.3791,-0.42574,54.47967,34.0,22.7,0.000499999999999997,BTC,79786.27,41384.17
2026-05-04T06:20:01.285567+00:00,BTC-25SEP26-140000-P,80503.32,BTC-25SEP26,put,140000.0,2026-09-25T08:00:00+00:00,0.3944406011367468,0.734,0.8015,0.74128662,0.76775,80503.32,BTC-25SEP26,0.4204,-0.97516,29.38889,1.4,0.0,0.0675,BTC,79786.4,0.0
2026-05-04T06:20:01.285567+00:00,BTC-4MAY26-74000-P,79806.09,index_price,put,74000.0,2026-05-04T08:00:00+00:00,0.0001900877897241869,,0.0001,0.0,,,,0.6076,0.0,0.0,23.0,0.0,,BTC,79786.4,0.0
2026-05-04T06:20:01.285567+00:00,BTC-31JUL26-90000-C,80200.85307692307,SYN.BTC-31JUL26,call,90000.0,2026-07-31T08:00:00+00:00,0.24112095705734912,0.0325,0.0335,0.0329374,0.033,80200.85307692307,SYN.BTC-31JUL26,0.3836,0.30197,137.34244,365.4,23.4,0.0010000000000000009,BTC,79786.4,52062.94
2026-05-04T06:20:01.285567+00:00,BTC-31JUL26-91000-P,80200.85307692307,SYN.BTC-31JUL26,put,91000.0,2026-07-31T08:00:00+00:00,0.24112095705734912,0.161,0.167,0.16462917,0.164,80200.85307692307,SYN.BTC-31JUL26,0.3829,-0.7186,132.89885,0.0,0.0,0.006000000000000005,BTC,79786.4,0.0
2026-05-04T06:20:01.285567+00:00,BTC-26JUN26-340000-C,80008.94,BTC-26JUN26,call,340000.0,2026-06-26T08:00:00+00:00,0.14529617950772558,,0.0001,1.9e-05,,80008.94,BTC-26JUN26,1.0206,0.00021,0.24498,129.0,0.0,,BTC,79785.79,0.0
2026-05-04T06:20:01.285567+00:00,BTC-26MAR27-108000-P,81859.37,BTC-26MAR27,put,108000.0,2027-03-26T08:00:00+00:00,0.8927294443947892,0.3205,0.477,0.38850387,0.39875,81859.37,BTC-26MAR27,0.4335,-0.68156,276.05332,0.0,0.0,0.15649999999999997,BTC,79785.79,0.0
2026-05-04T06:20:01.285567+00:00,BTC-26MAR27-180000-C,81859.37,BTC-26MAR27,call,180000.0,2027-03-26T08:00:00+00:00,0.8927294443947892,0.0075,0.009,0.00817009,0.00825,81859.37,BTC-26MAR27,0.4543,0.05234,82.73116,198.7,0.2,0.0014999999999999996,BTC,79785.79,103.33
2026-05-04T06:20:01.285567+00:00,BTC-22MAY26-68000-C,79845.32,SYN.BTC-22MAY26,call,68000.0,2026-05-22T08:00:00+00:00,0.049471401958102006,0.1275,0.1545,0.15081394,0.141,79845.32,SYN.BTC-22MAY26,0.46409999999999996,0.94593,19.4931,0.0,0.0,0.026999999999999996,BTC,79785.79,0.0
2026-05-04T06:20:01.285567+00:00,BTC-26MAR27-84000-P,81859.14,BTC-26MAR27,put,84000.0,2027-03-26T08:00:00+00:00,0.8927294443947892,0.1815,0.1855,0.18373546,0.1835,81859.14,BTC-26MAR27,0.4493,-0.44001,305.09855,0.2,0.1,0.0040000000000000036,BTC,79785.79,1444.58
2026-05-04T06:20:01.285567+00:00,BTC-4MAY26-68000-P,79806.09,index_price,put,68000.0,2026-05-04T08:00:00+00:00,0.0001900877897241869,,0.0001,0.0,,,,0.6082,0.0,0.0,0.0,0.0,,BTC,79785.79,0.0
2026-05-04T06:20:01.285567+00:00,BTC-31JUL26-78000-C,80200.85307692307,SYN.BTC-31JUL26,call,78000.0,2026-07-31T08:00:00+00:00,0.24112095705734912,0.0915,0.0925,0.09229592,0.092,80200.85307692307,SYN.BTC-31JUL26,0.4033,0.59413,152.72793,5.7,2.0,0.0010000000000000009,BTC,79785.79,14784.13
2026-05-04T06:20:01.285567+00:00,BTC-6MAY26-81500-P,79806.32,index_price,put,81500.0,2026-05-06T08:00:00+00:00,0.005665789363988389,0.021,0.047,0.02496716,0.034,,,0.3693,-0.77345,18.08181,0.0,0.0,0.026,BTC,79785.92,0.0
2026-05-04T06:20:01.285567+00:00,BTC-7MAY26-87000-P,79806.09,index_price,put,87000.0,2026-05-07T08:00:00+00:00,0.008403640151120492,0.06,0.1365,0.09047106,0.09825,,,0.4639,-0.97815,3.81726,0.0,0.0,0.07650000000000001,BTC,79785.92,0.0
2026-05-04T06:20:01.285567+00:00,BTC-31JUL26-70000-C,80200.54923076923,SYN.BTC-31JUL26,call,70000.0,2026-07-31T08:00:00+00:00,0.24112095705734912,0.1375,0.161,0.15810826,0.14925,80200.54923076923,SYN.BTC-31JUL26,0.4304,0.77274,118.78893,1.8,0.2,0.023499999999999993,BTC,79785.92,2610.63
2026-05-04T06:20:01.285567+00:00,BTC-8MAY26-68000-C,79812.5,BTC-8MAY26,call,68000.0,2026-05-08T08:00:00+00:00,0.011141490938252592,0.147,0.15,0.14831698,0.1485,79812.5,BTC-8MAY26,0.6809000000000001,0.9882,2.59372,12.2,0.0,0.0030000000000000027,BTC,79785.92,0.0
2026-05-04T06:20:01.285567+00:00,BTC-29MAY26-64000-P,79866.82,BTC-29MAY26,put,64000.0,2026-05-29T08:00:00+00:00,0.06863635746802672,0.002,0.0023,0.00212314,0.00215,79866.82,BTC-29MAY26,0.49689999999999995,-0.03888,17.61973,349.5,15.3,0.0002999999999999999,BTC,79786.07,3638.35
2026-05-04T06:20:01.285567+00:00,BTC-7MAY26-69000-P,79806.09,index_price,put,69000.0,2026-05-07T08:00:00+00:00,0.008403640151120492,0.0001,0.0003,0.0001911,0.0002,,,0.6795,-0.00899,1.77589,12.0,12.0,0.00019999999999999998,BTC,79785.92,188.94
2026-05-04T06:20:01.285567+00:00,BTC-25SEP26-120000-C,80503.32,BTC-25SEP26,call,120000.0,2026-09-25T08:00:00+00:00,0.3944406011367468,0.0075,0.008,0.0074231,0.00775,80503.32,BTC-25SEP26,0.40159999999999996,0.07268,69.87701,943.1,0.6,0.0005000000000000004,BTC,79786.07,357.08
2026-05-04T06:20:01.285567+00:00,BTC-25SEP26-170000-P,80503.32,BTC-25SEP26,put,170000.0,2026-09-25T08:00:00+00:00,0.3944406011367468,1.0305,1.2035,1.11229291,1.117,80503.32,BTC-25SEP26,0.4595,-0.99275,10.16517,0.0,0.0,0.17300000000000004,BTC,79786.07,0.0
2026-05-04T06:20:01.285567+00:00,BTC-5MAY26-79500-C,79806.32,index_price,call,79500.0,2026-05-05T08:00:00+00:00,0.002927938576856288,0.0095,0.0105,0.00977907,0.01,,,0.3632,0.57658,16.89999,44.2,48.9,0.0010000000000000009,BTC,79786.07,21624.62
2026-05-04T06:20:01.285567+00:00,BTC-26JUN26-75000-C,80008.94,BTC-26JUN26,call,75000.0,2026-06-26T08:00:00+00:00,0.14529617950772558,0.0945,0.097,0.09572911,0.09575,80008.94,BTC-26JUN26,0.4025,0.69031,107.55792,2097.3,0.7,0.0025000000000000022,BTC,79786.07,5415.58
2026-05-04T06:20:01.285567+00:00,BTC-26MAR27-88000-C,81859.14,BTC-26MAR27,call,88000.0,2027-03-26T08:00:00+00:00,0.8927294443947892,0.136,0.1395,0.13792825,0.13775,81859.14,BTC-26MAR27,0.44530000000000003,0.51516,308.36993,19.7,0.0,0.003500000000000003,BTC,79786.07,0.0
2026-05-04T06:20:01.285567+00:00,BTC-7MAY26-82000-P,79806.09,index_price,put,82000.0,2026-05-07T08:00:00+00:00,0.008403640151120492,0.0275,0.053,0.03137934,0.04025,,,0.36119999999999997,-0.79084,21.0319,0.0,0.0,0.0255,BTC,79786.07,0.0
2026-05-04T06:20:01.285567+00:00,BTC-26JUN26-45000-P,80008.94,BTC-26JUN26,put,45000.0,2026-06-26T08:00:00+00:00,0.14529617950772558,0.0009,0.0012,0.00106016,0.00105,80008.94,BTC-26JUN26,0.6964,-0.01071,8.63172,1859.7,2.9,0.0002999999999999999,BTC,79787.96,269.95
2026-05-04T06:20:01.285567+00:00,BTC-15MAY26-77000-P,79823.86,BTC-15MAY26,put,77000.0,2026-05-15T08:00:00+00:00,0.030306446448177298,0.012,0.0125,0.01250402,0.01225,79823.86,BTC-15MAY26,0.3889,-0.28668,47.31363,142.0,74.5,0.0005000000000000004,BTC,79786.07,87909.36
2026-05-04T06:20:01.285567+00:00,BTC-26MAR27-74000-P,81859.37,BTC-26MAR27,put,74000.0,2027-03-26T08:00:00+00:00,0.8927294443947892,0.1195,0.122,0.12100847,0.12075,81859.37,BTC-26MAR27,0.4625,-0.32671,279.00924,23.1,0.0,0.0025000000000000022,BTC,79787.96,0.0
2026-05-04T06:20:01.285567+00:00,BTC-26MAR27-170000-C,81859.37,BTC-26MAR27,call,170000.0,2027-03-26T08:00:00+00:00,0.8927294443947892,0.0095,0.011,0.01029915,0.01025,81859.37,BTC-26MAR27,0.44799999999999995,0.06488,97.94525,91.0,0.8,0.0014999999999999996,BTC,79787.96,607.89
2026-05-04T06:20:01.285567+00:00,BTC-7MAY26-79500-C,79806.09,index_price,call,79500.0,2026-05-07T08:00:00+00:00,0.008403640151120492,0.015,0.0155,0.01512203,0.01525,,,0.3589,0.55032,28.95076,2.4,2.4,0.0005000000000000004,BTC,79787.96,2314.51
2026-05-04T06:20:01.285567+00:00,BTC-15MAY26-73000-C,79823.91,BTC-15MAY26,call,73000.0,2026-05-15T08:00:00+00:00,0.030306446448177298,0.077,0.0935,0.08935511,0.08525,79823.91,BTC-15MAY26,0.42310000000000003,0.89426,25.39996,0.0,0.0,0.0165,BTC,79787.96,0.0
2026-05-04T06:20:01.285567+00:00,BTC-26MAR27-74000-C,81859.37,BTC-26MAR27,call,74000.0,2027-03-26T08:00:00+00:00,0.8927294443947892,0.2135,0.2195,0.21701756,0.2165,81859.37,BTC-26MAR27,0.4625,0.67329,279.00924,8.9,0.0,0.006000000000000005,BTC,79787.96,0.0
2026-05-04T06:20:01.285567+00:00,BTC-25DEC26-64000-P,81185.77,BTC-25DEC26,put,64000.0,2026-12-25T08:00:00+00:00,0.643585022765768,0.0535,0.055,0.05427523,0.05425,81185.77,BTC-25DEC26,0.4747,-0.2077,186.51725,55.3,4.7,0.0015000000000000013,BTC,79787.97,20787.54
2026-05-04T06:20:01.285567+00:00,BTC-26JUN26-88000-C,80008.94,BTC-26JUN26,call,88000.0,2026-06-26T08:00:00+00:00,0.14529617950772558,0.0225,0.0235,0.02304257,0.023,80008.94,BTC-26JUN26,0.37799999999999995,0.27765,102.2545,1757.3,59.7,0.0010000000000000009,BTC,79787.97,94535.64
2026-05-04T06:20:01.285567+00:00,BTC-26JUN26-80000-P,80008.94,BTC-26JUN26,put,80000.0,2026-06-26T08:00:00+00:00,0.14529617950772558,0.0585,0.0595,0.05890014,0.059,80008.94,BTC-26JUN26,0.38789999999999997,-0.47077,121.3564,3518.1,143.8,0.000999999999999994,BTC,79787.97,718240.02
2026-05-04T06:20:01.285567+00:00,BTC-22MAY26-70000-P,79845.32,SYN.BTC-22MAY26,put,70000.0,2026-05-22T08:00:00+00:00,0.049471401958102006,0.0038,0.0039,0.00388169,0.00385,79845.32,SYN.BTC-22MAY26,0.4426,-0.08314,27.18235,74.8,16.9,9.999999999999983e-05,BTC,79787.97,7153.78
2026-05-04T06:20:01.285567+00:00,BTC-25SEP26-115000-C,80503.27,BTC-25SEP26,call,115000.0,2026-09-25T08:00:00+00:00,0.3944406011367468,0.01,0.011,0.01038446,0.0105,80503.27,BTC-25SEP26,0.39890000000000003,0.09722,86.929,2062.7,13.4,0.0009999999999999992,BTC,79785.39,10075.89
2026-05-04T06:20:01.285567+00:00,BTC-26MAR27-120000-P,81859.14,BTC-26MAR27,put,120000.0,2027-03-26T08:00:00+00:00,0.8927294443947892,0.4405,0.603,0.51152586,0.52175,81859.14,BTC-26MAR27,0.4313,-0.76885,235.54458,0.0,0.0,0.16249999999999998,BTC,79787.97,0.0
2026-05-04T06:20:01.285567+00:00,BTC-4MAY26-80000-P,79806.09,index_price,put,80000.0,2026-05-04T08:00:00+00:00,0.0001900877897241869,0.003,0.0032,0.00321254,0.0031,,,0.3121,-0.73386,3.57632,28.4,37.0,0.0002000000000000001,BTC,79787.97,8242.97
2026-05-04T06:20:01.285567+00:00,BTC-26JUN26-380000-C,80008.94,BTC-26JUN26,call,380000.0,2026-06-26T08:00:00+00:00,0.14529617950772558,,0.0001,6.05e-06,,80008.94,BTC-26JUN26,1.0224,7e-05,0.08823,266.9,0.0,,BTC,79785.39,0.0
2026-05-04T06:20:01.285567+00:00,BTC-26MAR27-104000-P,81859.37,BTC-26MAR27,put,104000.0,2027-03-26T08:00:00+00:00,0.8927294443947892,0.339,0.3585,0.35000694,0.34875,81859.37,BTC-26MAR27,0.435,-0.64707,287.37793,0.0,0.0,0.019499999999999962,BTC,79785.39,0.0
2026-05-04T06:20:01.285567+00:00,BTC-5MAY26-74500-C,79806.32,index_price,call,74500.0,2026-05-05T08:00:00+00:00,0.002927938576856288,0.039,0.0955,0.06649558,0.06725,,,0.6012,0.98344,1.77962,0.0,0.0,0.0565,BTC,79785.39,0.0
2026-05-04T06:20:01.285567+00:00,BTC-4MAY26-77000-P,79806.09,index_price,put,77000.0,2026-05-04T08:00:00+00:00,0.0001900877897241869,,0.0001,2e-08,,,,0.6051,-1e-05,0.00041,136.4,101.5,,BTC,79785.39,5212.78
2026-05-04T06:20:01.285567+00:00,BTC-5MAY26-75500-C,79806.32,index_price,call,75500.0,2026-05-05T08:00:00+00:00,0.002927938576856288,0.028,0.059,0.05407095,0.0435,,,0.5357999999999999,0.97253,2.72947,0.0,0.0,0.030999999999999996,BTC,79785.39,0.0
2026-05-04T06:20:01.285567+00:00,BTC-26MAR27-94000-P,81859.37,BTC-26MAR27,put,94000.0,2027-03-26T08:00:00+00:00,0.8927294443947892,0.255,0.2655,0.26083107,0.26025,81859.37,BTC-26MAR27,0.44049999999999995,-0.54957,306.20851,9.0,0.0,0.01050000000000001,BTC,79785.8,0.0
2026-05-04T06:20:01.285567+00:00,BTC-25DEC26-100000-P,81185.77,BTC-25DEC26,put,100000.0,2026-12-25T08:00:00+00:00,0.643585022765768,0.29,0.2985,0.29410946,0.29425,81185.77,BTC-25DEC26,0.4255,-0.67015,235.85083,257.7,0.0,0.008500000000000008,BTC,79785.8,0.0
2026-05-04T06:20:01.285567+00:00,BTC-25DEC26-75000-P,81185.77,BTC-25DEC26,put,75000.0,2026-12-25T08:00:00+00:00,0.643585022765768,0.102,0.104,0.10296365,0.103,81185.77,BTC-25DEC26,0.4499,-0.3448,239.93908,728.9,0.1,0.0020000000000000018,BTC,79785.8,853.42
2026-05-04T06:20:01.285567+00:00,BTC-7MAY26-74000-P,79806.09,index_price,put,74000.0,2026-05-07T08:00:00+00:00,0.008403640151120492,0.0006,0.0008,0.00073316,0.0007,,,0.47859999999999997,-0.04074,6.39869,7.9,7.9,0.0002000000000000001,BTC,79785.8,673.12
2026-05-04T06:20:01.285567+00:00,BTC-25SEP26-130000-C,80503.32,BTC-25SEP26,call,130000.0,2026-09-25T08:00:00+00:00,0.3944406011367468,0.004,0.0044,0.00411674,0.0042,80503.32,BTC-25SEP26,0.41240000000000004,0.04273,45.96985,2228.5,0.3,0.0004000000000000002,BTC,79785.4,93.36
2026-05-04T06:20:01.285567+00:00,BTC-7MAY26-77000-C,79806.09,index_price,call,77000.0,2026-05-07T08:00:00+00:00,0.008403640151120492,0.035,0.053,0.0380444,0.044,,,0.3875,0.84578,17.37259,0.0,0.0,0.017999999999999995,BTC,79785.8,0.0
2026-05-04T06:20:01.285567+00:00,BTC-26MAR27-76000-C,81859.37,BTC-26MAR27,call,76000.0,2027-03-26T08:00:00+00:00,0.8927294443947892,0.2,0.2065,0.20393951,0.20325,81859.37,BTC-26MAR27,0.4595,0.65086,286.25788,15.3,0.0,0.006499999999999978,BTC,79785.4,0.0
2026-05-04T06:20:01.285567+00:00,BTC-8MAY26-88000-P,79812.5,BTC-8MAY26,put,88000.0,2026-05-08T08:00:00+00:00,0.011141490938252592,0.0745,0.1275,0.10283929,0.101,79812.5,BTC-8MAY26,0.4314,-0.9831,3.53335,0.0,0.0,0.053000000000000005,BTC,79785.8,0.0
2026-05-04T06:20:01.285567+00:00,BTC-8MAY26-68000-P,79812.55,BTC-8MAY26,put,68000.0,2026-05-08T08:00:00+00:00,0.011141490938252592,0.0002,0.0004,0.00029912,0.0003,79812.55,BTC-8MAY26,0.6809000000000001,-0.0118,2.59307,1205.9,23.5,0.0002,BTC,79785.4,536.22
2026-05-04T06:20:01.285567+00:00,BTC-4MAY26-75000-P,79806.09,index_price,put,75000.0,2026-05-04T08:00:00+00:00,0.0001900877897241869,,0.0001,0.0,,,,0.6059,0.0,0.0,78.6,16.2,,BTC,79785.4,127.4
2026-05-04T06:20:01.285567+00:00,BTC-6MAY26-83000-P,79806.32,index_price,put,83000.0,2026-05-06T08:00:00+00:00,0.005665789363988389,0.0325,0.072,0.04130418,0.05225,,,0.3831,-0.91176,9.61025,0.0,0.0,0.03949999999999999,BTC,79785.4,0.0
2026-05-04T06:20:01.285567+00:00,BTC-26JUN26-78000-C,80008.94,BTC-26JUN26,call,78000.0,2026-06-26T08:00:00+00:00,0.14529617950772558,0.0715,0.073,0.07239152,0.07225,80008.94,BTC-26JUN26,0.3931,0.59601,118.13865,1462.4,3.2,0.0015000000000000013,BTC,79785.4,16853.09
2026-05-04T06:20:01.285567+00:00,BTC-25SEP26-92000-C,80503.27,BTC-25SEP26,call,92000.0,2026-09-25T08:00:00+00:00,0.3944406011367468,0.0505,0.0515,0.0508284,0.051,80503.27,BTC-25SEP26,0.4019,0.34335,185.96154,339.1,0.1,0.000999999999999994,BTC,79785.47,399.6
2026-05-04T06:20:01.285567+00:00,BTC-22MAY26-78000-C,79845.32,SYN.BTC-22MAY26,call,78000.0,2026-05-22T08:00:00+00:00,0.049471401958102006,0.0455,0.0475,0.04638723,0.0465,79845.32,SYN.BTC-22MAY26,0.38280000000000003,0.6235,67.43324,76.8,11.9,0.0020000000000000018,BTC,79785.47,40910.97
2026-05-04T06:20:01.285567+00:00,BTC-6MAY26-78500-P,79806.32,index_price,put,78500.0,2026-05-06T08:00:00+00:00,0.005665789363988389,0.0048,0.0049,0.00487435,0.00485,,,0.3749,-0.27766,20.13386,4.8,5.2,0.00010000000000000026,BTC,79785.47,3426.02
2026-05-04T06:20:01.285567+00:00,BTC-25SEP26-125000-C,80503.27,BTC-25SEP26,call,125000.0,2026-09-25T08:00:00+00:00,0.3944406011367468,0.0055,0.006,0.00543855,0.00575,80503.27,BTC-25SEP26,0.4061,0.05511,56.33795,2256.9,5.3,0.0005000000000000004,BTC,79785.74,2095.58
2026-05-04T06:20:01.285567+00:00,BTC-31JUL26-91000-C,80200.85307692307,SYN.BTC-31JUL26,call,91000.0,2026-07-31T08:00:00+00:00,0.24112095705734912,0.0295,0.0305,0.02995008,0.03,80200.85307692307,SYN.BTC-31JUL26,0.3829,0.28141,132.90145,25.4,5.9,0.0010000000000000009,BTC,79785.47,11946.6
2026-05-04T06:20:01.285567+00:00,BTC-25DEC26-120000-P,81185.77,BTC-25DEC26,put,120000.0,2026-12-25T08:00:00+00:00,0.643585022765768,0.497,0.537,0.50405796,0.517,81185.77,BTC-25DEC26,0.42619999999999997,-0.83458,161.96319,18.9,0.0,0.040000000000000036,BTC,79785.74,0.0
2026-05-04T06:20:01.285567+00:00,BTC-5MAY26-77500-C,79806.32,index_price,call,77500.0,2026-05-05T08:00:00+00:00,0.002927938576856288,0.026,0.0345,0.02968919,0.03025,,,0.41229999999999994,0.90584,7.24721,0.5,0.0,0.008500000000000004,BTC,79785.74,0.0
2026-05-04T06:20:01.285567+00:00,BTC-26JUN26-200000-P,80008.94,BTC-26JUN26,put,200000.0,2026-06-26T08:00:00+00:00,0.14529617950772558,1.404,1.6055,1.49986894,1.50475,80008.94,BTC-26JUN26,0.7836,-0.99823,1.72886,6.6,0.0,0.2015,BTC,79785.74,0.0
2026-05-04T06:20:01.285567+00:00,BTC-26JUN26-210000-C,80008.94,BTC-26JUN26,call,210000.0,2026-06-26T08:00:00+00:00,0.14529617950772558,0.0001,0.0003,0.00014116,0.0002,80008.94,BTC-26JUN26,0.8201999999999999,0.0017,1.6688,179.1,0.0,0.00019999999999999998,BTC,79785.74,0.0
2026-05-04T06:20:01.285567+00:00,BTC-25DEC26-220000-P,81185.77,BTC-25DEC26,put,220000.0,2026-12-25T08:00:00+00:00,0.643585022765768,1.6055,1.8295,1.71115385,1.7175,81185.77,BTC-25DEC26,0.49770000000000003,-0.98917,18.60963,0.0,0.0,0.22399999999999998,BTC,79785.74,0.0
2026-05-04T06:20:01.285567+00:00,BTC-26MAR27-65000-C,81859.37,BTC-26MAR27,call,65000.0,2027-03-26T08:00:00+00:00,0.8927294443947892,0.28,0.286,0.28337668,0.283,81859.37,BTC-26MAR27,0.4783,0.76906,235.41763,0.7,0.0,0.00599999999999995,BTC,79785.74,0.0
2026-05-04T06:20:01.285567+00:00,BTC-26MAR27-130000-C,81859.37,BTC-26MAR27,call,130000.0,2027-03-26T08:00:00+00:00,0.8927294443947892,0.0315,0.0335,0.03258378,0.0325,81859.37,BTC-26MAR27,0.4318,0.17622,200.27743,608.3,0.1,0.0020000000000000018,BTC,79785.74,234.97
2026-05-04T06:20:01.285567+00:00,BTC-5MAY26-68000-P,79806.32,index_price,put,68000.0,2026-05-05T08:00:00+00:00,0.002927938576856288,,0.0001,1e-08,,,,0.6365999999999999,0.0,0.00033,23.0,0.0,,BTC,79785.74,0.0
2026-05-04T06:20:01.285567+00:00,BTC-29MAY26-82000-P,79867.11,BTC-29MAY26,put,82000.0,2026-05-29T08:00:00+00:00,0.06863635746802672,0.054,0.0545,0.05436949,0.05425,79867.11,BTC-29MAY26,0.3739,-0.58796,81.44486,36.7,0.0,0.0005000000000000004,BTC,79786.14,0.0
2026-05-04T06:20:01.285567+00:00,BTC-25SEP26-175000-C,80503.32,BTC-25SEP26,call,175000.0,2026-09-25T08:00:00+00:00,0.3944406011367468,0.0005,0.0007,0.00056483,0.0006,80503.32,BTC-25SEP26,0.4692,0.00644,9.15893,1412.6,0.1,0.00019999999999999998,BTC,79786.14,3.94
2026-05-04T06:20:01.285567+00:00,BTC-29MAY26-92000-P,79867.11,BTC-29MAY26,put,92000.0,2026-05-29T08:00:00+00:00,0.06863635746802672,0.15,0.1605,0.15574382,0.15525,79867.11,BTC-29MAY26,0.3823,-0.9136,32.96345,1.5,0.0,0.01050000000000001,BTC,79785.97,0.0
2026-05-04T06:20:01.285567+00:00,BTC-6MAY26-71000-P,79806.32,index_price,put,71000.0,2026-05-06T08:00:00+00:00,0.005665789363988389,0.0001,0.0002,0.00016158,0.00015,,,0.6674,-0.00941,1.51772,22.5,25.3,0.0001,BTC,79786.14,551.38
2026-05-04T06:20:01.285567+00:00,BTC-26MAR27-84000-C,81859.37,BTC-26MAR27,call,84000.0,2027-03-26T08:00:00+00:00,0.8927294443947892,0.1555,0.1595,0.15758362,0.1575,81859.37,BTC-26MAR27,0.4493,0.56,305.10097,27.0,0.0,0.0040000000000000036,BTC,79786.14,0.0
2026-05-04T06:20:01.285567+00:00,BTC-15MAY26-86000-P,79823.91,BTC-15MAY26,put,86000.0,2026-05-15T08:00:00+00:00,0.030306446448177298,0.054,0.1,0.08139654,0.077,79823.91,BTC-15MAY26,0.3686,-0.87116,29.21709,0.0,0.0,0.046000000000000006,BTC,79786.14,0.0
2026-05-04T06:20:01.285567+00:00,BTC-25SEP26-86000-P,80503.27,BTC-25SEP26,put,86000.0,2026-09-25T08:00:00+00:00,0.3944406011367468,0.142,0.144,0.14300612,0.143,80503.27,BTC-25SEP26,0.4078,-0.55192,200.01245,5.2,1.0,0.0020000000000000018,BTC,79785.97,11669.33
2026-05-04T06:20:01.285567+00:00,BTC-29MAY26-71000-C,79866.82,BTC-29MAY26,call,71000.0,2026-05-29T08:00:00+00:00,0.06863635746802672,0.1175,0.121,0.11893613,0.11925,79866.82,BTC-29MAY26,0.42619999999999997,0.86633,45.12598,458.6,0.0,0.003500000000000003,BTC,79785.97,0.0
2026-05-04T06:20:01.285567+00:00,BTC-22MAY26-81000-P,79845.32,SYN.BTC-22MAY26,put,81000.0,2026-05-22T08:00:00+00:00,0.049471401958102006,0.0405,0.0415,0.04110105,0.041,79845.32,SYN.BTC-22MAY26,0.3734,-0.55326,70.22353,1.1,1.1,0.0010000000000000009,BTC,79785.97,3847.18
2026-05-04T06:20:01.285567+00:00,BTC-26JUN26-92000-P,80008.94,BTC-26JUN26,put,92000.0,2026-06-26T08:00:00+00:00,0.14529617950772558,0.1375,0.199,0.1636193,0.16825,80008.94,BTC-26JUN26,0.3791,-0.81465,81.51116,1.0,0.0,0.0615,BTC,79785.97,0.0
2026-05-04T06:20:01.285567+00:00,BTC-29MAY26-58000-P,79867.11,BTC-29MAY26,put,58000.0,2026-05-29T08:00:00+00:00,0.06863635746802672,0.0007,0.0009,0.00077542,0.0008,79867.11,BTC-29MAY26,0.5748,-0.01404,7.48419,296.2,0.1,0.00019999999999999998,BTC,79786.82,8.69
2026-05-04T06:20:01.285567+00:00,BTC-6MAY26-81000-C,79806.32,index_price,call,81000.0,2026-05-06T08:00:00+00:00,0.005665789363988389,0.0048,0.0055,0.00501491,0.00515,,,0.3615,0.2951,20.7252,47.5,31.5,0.0007000000000000001,BTC,79786.82,10744.78
2026-05-04T06:20:01.285567+00:00,BTC-29MAY26-86000-P,79867.11,BTC-29MAY26,put,86000.0,2026-05-29T08:00:00+00:00,0.06863635746802672,0.077,0.1185,0.08977848,0.09775,79867.11,BTC-29MAY26,0.3712,-0.76243,64.69225,6.5,0.0,0.041499999999999995,BTC,79786.82,0.0
2026-05-04T06:20:01.285567+00:00,BTC-25SEP26-68000-C,80503.27,BTC-25SEP26,call,68000.0,2026-09-25T08:00:00+00:00,0.3944406011367468,0.196,0.2005,0.19893557,0.19825,80503.27,BTC-25SEP26,0.449,0.76998,153.54431,385.7,0.0,0.004500000000000004,BTC,79786.82,0.0
2026-05-04T06:20:01.285567+00:00,BTC-29MAY26-88000-P,79866.82,BTC-29MAY26,put,88000.0,2026-05-29T08:00:00+00:00,0.06863635746802672,0.1055,0.114,0.11046286,0.10975,79866.82,BTC-29MAY26,0.3725,-0.8283,53.29284,4.8,0.0,0.008500000000000008,BTC,79786.82,0.0
2026-05-04T06:20:01.285567+00:00,BTC-4MAY26-80500-P,79806.09,index_price,put,80500.0,2026-05-04T08:00:00+00:00,0.0001900877897241869,0.0044,0.039,0.00878783,0.0217,,,0.3555,-0.96644,0.81325,4.1,4.1,0.0346,BTC,79786.82,1394.33
2026-05-04T06:20:01.285567+00:00,BTC-22MAY26-95000-C,79845.32,SYN.BTC-22MAY26,call,95000.0,2026-05-22T08:00:00+00:00,0.049471401958102006,0.0009,0.0012,0.00100733,0.00105,79845.32,SYN.BTC-22MAY26,0.405,0.02983,12.02971,25.4,23.7,0.0002999999999999999,BTC,79786.82,1973.23
2026-05-04T06:20:01.285567+00:00,BTC-25SEP26-280000-C,80503.27,BTC-25SEP26,call,280000.0,2026-09-25T08:00:00+00:00,0.3944406011367468,,0.0002,0.00011087,,80503.27,BTC-25SEP26,0.6115999999999999,0.00113,1.91175,125.0,0.0,,BTC,79786.7,0.0
2026-05-04T06:20:01.285567+00:00,BTC-5MAY26-80000-P,79806.32,index_price,put,80000.0,2026-05-05T08:00:00+00:00,0.002927938576856288,0.0085,0.0095,0.00922673,0.009,,,0.3625,-0.55019,17.0819,9.9,12.6,0.0009999999999999992,BTC,79786.7,10107.92
2026-05-04T06:20:01.285567+00:00,BTC-25DEC26-230000-C,81185.77,BTC-25DEC26,call,230000.0,2026-12-25T08:00:00+00:00,0.643585022765768,0.001,0.0011,0.00111458,0.00105,81185.77,BTC-25DEC26,0.5067,0.0092,16.13761,186.3,0.0,0.00010000000000000005,BTC,79786.7,0.0
2026-05-04T06:20:01.285567+00:00,BTC-26JUN26-120000-P,80008.94,BTC-26JUN26,put,120000.0,2026-06-26T08:00:00+00:00,0.14529617950772558,0.4935,0.505,0.5004606,0.49925,80008.94,BTC-26JUN26,0.44880000000000003,-0.98878,8.98554,719.5,0.0,0.01150000000000001,BTC,79786.7,0.0
2026-05-04T06:20:01.285567+00:00,BTC-4MAY26-81000-P,79806.09,index_price,put,81000.0,2026-05-04T08:00:00+00:00,0.0001900877897241869,0.01,0.0345,0.01498272,0.02225,,,0.3969,-0.9973,0.09074,0.0,0.0,0.0245,BTC,79786.7,0.0
2026-05-04T06:20:01.285567+00:00,BTC-26JUN26-160000-P,80008.94,BTC-26JUN26,put,160000.0,2026-06-26T08:00:00+00:00,0.14529617950772558,0.99,1.005,0.99992292,0.9975,80008.94,BTC-26JUN26,0.6125,-0.99782,2.09414,52.5,0.0,0.014999999999999902,BTC,79786.7,0.0
2026-05-04T06:20:01.285567+00:00,BTC-22MAY26-84000-C,79845.32,SYN.BTC-22MAY26,call,84000.0,2026-05-22T08:00:00+00:00,0.049471401958102006,0.013,0.014,0.01355725,0.0135,79845.32,SYN.BTC-22MAY26,0.36590000000000006,0.27933,59.71883,52.3,23.1,0.0010000000000000009,BTC,79786.7,23397.62
2026-05-04T06:20:01.285567+00:00,BTC-29MAY26-45000-C,79867.11,BTC-29MAY26,call,45000.0,2026-05-29T08:00:00+00:00,0.06863635746802672,0.424,0.4555,0.43672914,0.43975,79867.11,BTC-29MAY26,0.8067,0.9976,1.5653,2.3,0.0,0.03150000000000003,BTC,79792.42,0.0
2026-05-04T06:20:01.285567+00:00,BTC-15MAY26-74000-P,79823.86,BTC-15MAY26,put,74000.0,2026-05-15T08:00:00+00:00,0.030306446448177298,0.0049,0.0055,0.0053382,0.0052,79823.86,BTC-15MAY26,0.4165,-0.13993,30.92276,299.9,15.6,0.0005999999999999998,BTC,79786.7,7268.82
2026-05-04T06:20:01.285567+00:00,BTC-25DEC26-50000-P,81185.77,BTC-25DEC26,put,50000.0,2026-12-25T08:00:00+00:00,0.643585022765768,0.021,0.022,0.02144494,0.0215,81185.77,BTC-25DEC26,0.5346,-0.08948,105.33207,1378.7,1.4,0.0009999999999999974,BTC,79792.42,2477.93
2026-05-04T06:20:01.285567+00:00,BTC-6MAY26-78000-P,79806.32,index_price,put,78000.0,2026-05-06T08:00:00+00:00,0.005665789363988389,0.0034,0.0036,0.00352426,0.0035,,,0.3846,-0.21197,17.40468,11.2,6.8,0.0002000000000000001,BTC,79792.42,4674.06
2026-05-04T06:20:01.285567+00:00,BTC-22MAY26-88000-P,79845.32,SYN.BTC-22MAY26,put,88000.0,2026-05-22T08:00:00+00:00,0.049471401958102006,0.0935,0.1275,0.10716905,0.1105,79845.32,SYN.BTC-22MAY26,0.3701,-0.87287,36.99524,0.0,0.0,0.034,BTC,79792.42,0.0
2026-05-04T06:20:01.285567+00:00,BTC-25DEC26-54000-P,81185.54,BTC-25DEC26,put,54000.0,2026-12-25T08:00:00+00:00,0.643585022765768,0.0275,0.029,0.02833669,0.02825,81185.54,BTC-25DEC26,0.5145000000000001,-0.11623,127.40672,1733.5,0.0,0.0015000000000000013,BTC,79791.47,0.0
2026-05-04T06:20:01.285567+00:00,BTC-25DEC26-92000-P,81185.77,BTC-25DEC26,put,92000.0,2026-12-25T08:00:00+00:00,0.643585022765768,0.218,0.225,0.22192822,0.2215,81185.77,BTC-25DEC26,0.42950000000000005,-0.57573,255.18876,0.0,0.0,0.007000000000000006,BTC,79791.47,0.0
2026-05-04T06:20:01.285567+00:00,BTC-26JUN26-100000-P,80008.94,BTC-26JUN26,put,100000.0,2026-06-26T08:00:00+00:00,0.14529617950772558,0.25,0.258,0.25495246,0.254,80008.94,BTC-26JUN26,0.39399999999999996,-0.9205,45.13436,990.6,0.0,0.008000000000000007,BTC,79791.47,0.0
2026-05-04T06:20:01.285567+00:00,BTC-26MAR27-78000-P,81859.37,BTC-26MAR27,put,78000.0,2027-03-26T08:00:00+00:00,0.8927294443947892,0.143,0.1445,0.14371157,0.14375,81859.37,BTC-26MAR27,0.455,-0.37183,292.55265,122.5,1.0,0.0015000000000000013,BTC,79791.47,11443.97
2026-05-04T06:20:01.285567+00:00,BTC-8MAY26-73000-C,79812.5,BTC-8MAY26,call,73000.0,2026-05-08T08:00:00+00:00,0.011141490938252592,0.082,0.0905,0.08629002,0.08625,79812.5,BTC-8MAY26,0.4971,0.9582,7.52344,11.7,0.1,0.008499999999999994,BTC,79791.47,561.33
2026-05-04T06:20:01.285567+00:00,BTC-4MAY26-71000-P,79806.09,index_price,put,71000.0,2026-05-04T08:00:00+00:00,0.0001900877897241869,,0.0001,0.0,,,,0.6082,0.0,0.0,60.6,0.0,,BTC,79791.47,0.0
2026-05-04T06:20:01.285567+00:00,BTC-7MAY26-82500-C,79806.09,index_price,call,82500.0,2026-05-07T08:00:00+00:00,0.008403640151120492,0.0028,0.003,0.00292313,0.0029,,,0.3668,0.1645,18.12339,0.0,0.0,0.0002000000000000001,BTC,79791.47,0.0
2026-05-04T06:20:01.285567+00:00,BTC-25DEC26-60000-P,81185.77,BTC-25DEC26,put,60000.0,2026-12-25T08:00:00+00:00,0.643585022765768,0.041,0.043,0.0421107,0.042,81185.77,BTC-25DEC26,0.48840000000000006,-0.16675,162.81821,5299.0,6.4,0.001999999999999995,BTC,79792.42,21617.68
2026-05-04T06:20:01.285567+00:00,BTC-22MAY26-79000-C,79845.32,SYN.BTC-22MAY26,call,79000.0,2026-05-22T08:00:00+00:00,0.049471401958102006,0.0385,0.0395,0.03900332,0.039,79845.32,SYN.BTC-22MAY26,0.3789,0.56629,69.88189,14.6,3.8,0.0010000000000000009,BTC,79792.42,11054.26
2026-05-04T06:20:01.285567+00:00,BTC-25DEC26-250000-P,81185.77,BTC-25DEC26,put,250000.0,2026-12-25T08:00:00+00:00,0.643585022765768,1.961,2.2125,2.08013246,2.08675,81185.77,BTC-25DEC26,0.5195000000000001,-0.99359,11.74366,10.0,0.0,0.25149999999999983,BTC,79792.42,0.0
2026-05-04T06:20:01.285567+00:00,BTC-25SEP26-85000-C,80503.27,BTC-25SEP26,call,85000.0,2026-09-25T08:00:00+00:00,0.3944406011367468,0.079,0.0805,0.07959004,0.07975,80503.27,BTC-25SEP26,0.4094,0.46673,201.03652,590.3,1.5,0.0015000000000000013,BTC,79792.42,8643.69
2026-05-04T06:20:01.285567+00:00,BTC-22MAY26-75000-P,79845.32,SYN.BTC-22MAY26,put,75000.0,2026-05-22T08:00:00+00:00,0.049471401958102006,0.0115,0.0125,0.01215578,0.012,79845.32,SYN.BTC-22MAY26,0.3987,-0.22664,53.49127,45.5,20.9,0.0010000000000000009,BTC,79792.42,23803.27
2026-05-04T06:20:01.285567+00:00,BTC-26MAR27-190000-P,81859.37,BTC-26MAR27,put,190000.0,2027-03-26T08:00:00+00:00,0.8927294443947892,1.234,1.438,1.32746525,1.336,81859.37,BTC-26MAR27,0.4585,-0.9578,69.61886,0.0,0.0,0.20399999999999996,BTC,79792.42,0.0
2026-05-04T06:20:01.285567+00:00,BTC-25DEC26-160000-C,81185.77,BTC-25DEC26,call,160000.0,2026-12-25T08:00:00+00:00,0.643585022765768,0.0055,0.006,0.00578024,0.00575,81185.77,BTC-25DEC26,0.44909999999999994,0.04429,60.95892,1036.5,4.0,0.0005000000000000004,BTC,79791.26,1757.66
2026-05-04T06:20:01.285567+00:00,BTC-7MAY26-85000-C,79806.09,index_price,call,85000.0,2026-05-07T08:00:00+00:00,0.008403640151120492,0.0006,0.0009,0.00069957,0.00075,,,0.4043,0.04636,7.10202,26.6,26.7,0.00030000000000000003,BTC,79792.42,2453.67
2026-05-04T06:20:01.285567+00:00,BTC-4MAY26-74500-C,79806.09,index_price,call,74500.0,2026-05-04T08:00:00+00:00,0.0001900877897241869,0.0435,0.075,0.06647163,0.05925,,,0.6075,1.0,0.0,0.0,0.0,0.0315,BTC,79792.42,0.0
2026-05-04T06:20:01.285567+00:00,BTC-22MAY26-95000-P,79845.32,SYN.BTC-22MAY26,put,95000.0,2026-05-22T08:00:00+00:00,0.049471401958102006,0.185,0.196,0.19080498,0.1905,79845.32,SYN.BTC-22MAY26,0.405,-0.97011,12.05052,0.0,0.0,0.01100000000000001,BTC,79791.26,0.0
2026-05-04T06:20:01.285567+00:00,BTC-5MAY26-71000-C,79806.32,index_price,call,71000.0,2026-05-05T08:00:00+00:00,0.002927938576856288,0.106,0.1405,0.11016479,0.12325,,,0.6364,0.99967,0.05171,0.0,0.0,0.03450000000000002,BTC,79791.26,0.0
2026-05-04T06:20:01.285567+00:00,BTC-25DEC26-88000-P,81185.77,BTC-25DEC26,put,88000.0,2026-12-25T08:00:00+00:00,0.643585022765768,0.187,0.1925,0.18930095,0.18975,81185.77,BTC-25DEC26,0.4324,-0.52356,259.43095,3.4,0.0,0.005500000000000005,BTC,79791.26,0.0
2026-05-04T06:20:01.285567+00:00,BTC-5MAY26-78000-C,79806.32,index_price,call,78000.0,2026-05-05T08:00:00+00:00,0.002927938576856288,0.0225,0.026,0.0239634,0.02425,,,0.3922,0.86042,9.58714,13.8,6.4,0.0034999999999999996,BTC,79791.26,7743.89
2026-05-04T06:20:01.285567+00:00,BTC-25SEP26-96000-P,80503.27,BTC-25SEP26,put,96000.0,2026-09-25T08:00:00+00:00,0.3944406011367468,0.2285,0.2345,0.23129836,0.2315,80503.27,BTC-25SEP26,0.3992,-0.71796,170.8233,0.0,0.0,0.005999999999999978,BTC,79791.04,0.0
2026-05-04T06:20:01.285567+00:00,BTC-25DEC26-96000-P,81185.54,BTC-25DEC26,put,96000.0,2026-12-25T08:00:00+00:00,0.643585022765768,0.253,0.261,0.25694837,0.257,81185.54,BTC-25DEC26,0.42719999999999997,-0.62466,247.09101,0.0,0.0,0.008000000000000007,BTC,79791.04,0.0
2026-05-04T06:20:01.285567+00:00,BTC-31JUL26-87000-P,80200.85307692307,SYN.BTC-31JUL26,put,87000.0,2026-07-31T08:00:00+00:00,0.24112095705734912,0.1255,0.1305,0.12837973,0.128,80200.85307692307,SYN.BTC-31JUL26,0.38670000000000004,-0.63091,148.6003,0.4,0.0,0.0050000000000000044,BTC,79791.04,0.0
2026-05-04T06:20:01.285567+00:00,BTC-31JUL26-67000-P,80200.85307692307,SYN.BTC-31JUL26,put,67000.0,2026-07-31T08:00:00+00:00,0.24112095705734912,0.0225,0.0235,0.02285975,0.023,80200.85307692307,SYN.BTC-31JUL26,0.444,-0.17549,101.71335,60.0,0.3,0.0010000000000000009,BTC,79791.04,549.92
2026-05-04T06:20:01.285567+00:00,BTC-25DEC26-90000-C,81185.77,BTC-25DEC26,call,90000.0,2026-12-25T08:00:00+00:00,0.643585022765768,0.0965,0.0975,0.09689176,0.097,81185.77,BTC-25DEC26,0.4314,0.45029,257.86385,2273.8,0.0,0.0010000000000000009,BTC,79791.04,0.0
2026-05-04T06:20:01.285567+00:00,BTC-26MAR27-66000-C,81859.37,BTC-26MAR27,call,66000.0,2027-03-26T08:00:00+00:00,0.8927294443947892,0.272,0.278,0.27540167,0.275,81859.37,BTC-26MAR27,0.4764,0.759,241.03622,3.5,0.1,0.006000000000000005,BTC,79791.04,2130.75
2026-05-04T06:20:01.285567+00:00,BTC-29MAY26-61000-C,79866.82,BTC-29MAY26,call,61000.0,2026-05-29T08:00:00+00:00,0.06863635746802672,0.236,0.24,0.23751449,0.238,79866.82,BTC-29MAY26,0.535,0.97676,11.50419,30.4,0.0,0.0040000000000000036,BTC,79791.04,0.0
2026-05-04T06:20:01.285567+00:00,BTC-4MAY26-69000-P,79806.09,index_price,put,69000.0,2026-05-04T08:00:00+00:00,0.0001900877897241869,,0.0001,0.0,,,,0.6082,0.0,0.0,1.1,0.0,,BTC,79791.04,0.0
2026-05-04T06:20:01.285567+00:00,BTC-26MAR27-200000-P,81859.37,BTC-26MAR27,put,200000.0,2027-03-26T08:00:00+00:00,0.8927294443947892,1.3505,1.5625,1.44829566,1.4565,81859.37,BTC-26MAR27,0.46270000000000006,-0.96589,58.51797,1.0,1.1,0.21199999999999997,BTC,79791.12,126560.66
2026-05-04T06:20:01.285567+00:00,BTC-25SEP26-30000-P,80503.27,BTC-25SEP26,put,30000.0,2026-09-25T08:00:00+00:00,0.3944406011367468,0.002,0.0022,0.00199919,0.0021,80503.27,BTC-25SEP26,0.759,-0.0105,14.06841,1593.7,10.1,0.0002000000000000001,BTC,79791.12,1703.1
2026-05-04T06:20:01.285567+00:00,BTC-26JUN26-85000-C,80008.94,BTC-26JUN26,call,85000.0,2026-06-26T08:00:00+00:00,0.14529617950772558,0.033,0.034,0.03349705,0.0335,80008.94,BTC-26JUN26,0.38020000000000004,0.36475,114.62778,4144.6,17.8,0.0010000000000000009,BTC,79791.12,43446.54
2026-05-04T06:20:01.285567+00:00,BTC-6MAY26-77500-P,79806.32,index_price,put,77500.0,2026-05-06T08:00:00+00:00,0.005665789363988389,0.0025,0.0026,0.00257612,0.00255,,,0.39770000000000005,-0.16128,14.68947,4.2,3.9,9.999999999999983e-05,BTC,79791.12,1225.46
2026-05-04T06:20:01.285567+00:00,BTC-26MAR27-160000-C,81859.37,BTC-26MAR27,call,160000.0,2027-03-26T08:00:00+00:00,0.8927294443947892,0.0125,0.014,0.01318097,0.01325,81859.37,BTC-26MAR27,0.44170000000000004,0.08128,116.39865,606.8,1.0,0.0014999999999999996,BTC,79791.12,971.7
2026-05-04T06:20:01.285567+00:00,BTC-25SEP26-260000-C,80503.32,BTC-25SEP26,call,260000.0,2026-09-25T08:00:00+00:00,0.3944406011367468,,0.0002,8.739e-05,,80503.32,BTC-25SEP26,0.5690999999999999,0.00097,1.64938,241.9,0.0,,BTC,79792.28,0.0
2026-05-04T06:20:01.285567+00:00,BTC-31JUL26-69000-P,80200.85307692307,SYN.BTC-31JUL26,put,69000.0,2026-07-31T08:00:00+00:00,0.24112095705734912,0.0275,0.0285,0.02798328,0.028,80200.85307692307,SYN.BTC-31JUL26,0.4346,-0.20878,113.12711,48.8,3.4,0.0010000000000000009,BTC,79792.28,7730.88
2026-05-04T06:20:01.285567+00:00,BTC-25DEC26-66000-P,81185.77,BTC-25DEC26,put,66000.0,2026-12-25T08:00:00+00:00,0.643585022765768,0.0605,0.0625,0.0613311,0.0615,81185.77,BTC-25DEC26,0.4685,-0.23015,197.88166,67.7,0.0,0.0020000000000000018,BTC,79792.28,0.0
2026-05-04T06:20:01.285567+00:00,BTC-5MAY26-84000-P,79806.32,index_price,put,84000.0,2026-05-05T08:00:00+00:00,0.002927938576856288,0.0255,0.0735,0.05297702,0.0495,,,0.4705,-0.97804,2.26231,0.0,0.0,0.048,BTC,79792.28,0.0
2026-05-04T06:20:01.285567+00:00,BTC-25SEP26-82000-C,80503.27,BTC-25SEP26,call,82000.0,2026-09-25T08:00:00+00:00,0.3944406011367468,0.0945,0.096,0.09537818,0.09525,80503.27,BTC-25SEP26,0.4139,0.52334,201.39587,1248.3,1.7,0.0015000000000000013,BTC,79792.63,13116.85
2026-05-04T06:20:01.285567+00:00,BTC-29MAY26-77000-C,79866.82,BTC-29MAY26,call,77000.0,2026-05-29T08:00:00+00:00,0.06863635746802672,0.0595,0.0615,0.06034959,0.0605,79866.82,BTC-29MAY26,0.3883,0.65859,76.8011,748.3,5.1,0.0020000000000000018,BTC,79792.28,24176.67
2026-05-04T06:20:01.285567+00:00,BTC-26JUN26-170000-C,80008.71,BTC-26JUN26,call,170000.0,2026-06-26T08:00:00+00:00,0.14529617950772558,0.0001,0.0003,0.00014079,0.0002,80008.71,BTC-26JUN26,0.6596,0.00205,1.97931,753.1,0.0,0.00019999999999999998,BTC,79792.63,0.0
2026-05-04T06:20:01.285567+00:00,BTC-4MAY26-79500-P,79806.09,index_price,put,79500.0,2026-05-04T08:00:00+00:00,0.0001900877897241869,0.0005,0.0008,0.00070914,0.00065,,,0.3797,-0.2379,3.37085,28.8,29.8,0.00030000000000000003,BTC,79792.28,3562.9
2026-05-04T06:20:01.285567+00:00,BTC-26MAR27-92000-P,81859.37,BTC-26MAR27,put,92000.0,2027-03-26T08:00:00+00:00,0.8927294443947892,0.2405,0.2495,0.24435515,0.245,81859.37,BTC-26MAR27,0.442,-0.52833,307.84449,0.0,0.0,0.009000000000000008,BTC,79792.63,0.0
2026-05-04T06:20:01.285567+00:00,BTC-25DEC26-190000-P,81185.77,BTC-25DEC26,put,190000.0,2026-12-25T08:00:00+00:00,0.643585022765768,1.262,1.391,1.34280765,1.3265,81185.77,BTC-25DEC26,0.4729,-0.97987,31.71918,0.0,0.0,0.129,BTC,79792.63,0.0
2026-05-04T06:20:01.285567+00:00,BTC-15MAY26-95000-P,79823.86,BTC-15MAY26,put,95000.0,2026-05-15T08:00:00+00:00,0.030306446448177298,0.157,0.2,0.19046923,0.1785,79823.86,BTC-15MAY26,0.4473,-0.98587,5.00118,0.0,0.0,0.04300000000000001,BTC,79792.63,0.0
2026-05-04T06:20:01.285567+00:00,BTC-25DEC26-35000-C,81185.77,BTC-25DEC26,call,35000.0,2026-12-25T08:00:00+00:00,0.643585022765768,0.5755,0.578,0.57630894,0.57675,81185.77,BTC-25DEC26,0.648,0.96982,44.54383,52.5,0.0,0.0024999999999999467,BTC,79792.56,0.0
2026-05-04T06:20:01.285567+00:00,BTC-25DEC26-160000-P,81185.77,BTC-25DEC26,put,160000.0,2026-12-25T08:00:00+00:00,0.643585022765768,0.8985,1.008,0.97657406,0.95325,81185.77,BTC-25DEC26,0.44909999999999994,-0.95571,60.96452,0.0,0.0,0.10950000000000004,BTC,79792.56,0.0
2026-05-04T06:20:01.285567+00:00,BTC-29MAY26-98000-P,79867.11,BTC-29MAY26,put,98000.0,2026-05-29T08:00:00+00:00,0.06863635746802672,0.222,0.253,0.22832504,0.2375,79867.11,BTC-29MAY26,0.40990000000000004,-0.96779,15.10309,0.0,0.0,0.031,BTC,79792.63,0.0
2026-05-04T06:20:01.285567+00:00,BTC-31JUL26-86000-C,80200.85307692307,SYN.BTC-31JUL26,call,86000.0,2026-07-31T08:00:00+00:00,0.24112095705734912,0.0475,0.048,0.04764662,0.04775,80200.85307692307,SYN.BTC-31JUL26,0.38770000000000004,0.39271,151.4209,19.3,0.7,0.0005000000000000004,BTC,79792.56,2278.74
2026-05-04T06:20:01.285567+00:00,BTC-25DEC26-120000-C,81185.77,BTC-25DEC26,call,120000.0,2026-12-25T08:00:00+00:00,0.643585022765768,0.0255,0.0265,0.02596259,0.026,81185.77,BTC-25DEC26,0.42619999999999997,0.1655,162.02442,6614.4,9.1,0.0010000000000000009,BTC,79792.56,17655.75
2026-05-04T06:20:01.285567+00:00,BTC-26MAR27-72000-P,81859.14,BTC-26MAR27,put,72000.0,2027-03-26T08:00:00+00:00,0.8927294443947892,0.1085,0.1115,0.11019984,0.11,81859.14,BTC-26MAR27,0.46549999999999997,-0.30454,270.79563,104.6,0.0,0.0030000000000000027,BTC,79792.56,0.0
2026-05-04T06:20:01.285567+00:00,BTC-6MAY26-81000-P,79806.32,index_price,put,81000.0,2026-05-06T08:00:00+00:00,0.005665789363988389,0.017,0.022,0.02008952,0.0195,,,0.3615,-0.70394,20.75758,0.0,0.0,0.0049999999999999975,BTC,79792.56,0.0
2026-05-04T06:20:01.285567+00:00,BTC-5MAY26-73000-C,79806.32,index_price,call,73000.0,2026-05-05T08:00:00+00:00,0.002927938576856288,0.053,0.1135,0.08514683,0.08325,,,0.6361,0.99538,0.58172,0.0,0.0,0.060500000000000005,BTC,79792.56,0.0
2026-05-04T06:20:01.285567+00:00,BTC-29MAY26-54000-P,79866.82,BTC-29MAY26,put,54000.0,2026-05-29T08:00:00+00:00,0.06863635746802672,0.0003,0.0006,0.00044315,0.00045,79866.82,BTC-29MAY26,0.6376,-0.00762,4.39296,522.4,2.5,0.0003,BTC,79792.56,116.8
2026-05-04T06:20:01.285567+00:00,BTC-26JUN26-100000-C,80008.94,BTC-26JUN26,call,100000.0,2026-06-26T08:00:00+00:00,0.14529617950772558,0.0049,0.0055,0.00508853,0.0052,80008.94,BTC-26JUN26,0.39399999999999996,0.07954,45.15131,3734.4,47.6,0.0005999999999999998,BTC,79792.46,20554.86
2026-05-04T06:20:01.285567+00:00,BTC-31JUL26-89000-P,80200.85307692307,SYN.BTC-31JUL26,put,89000.0,2026-07-31T08:00:00+00:00,0.24112095705734912,0.143,0.1485,0.14598298,0.14575,80200.85307692307,SYN.BTC-31JUL26,0.3847,-0.67617,141.55746,0.2,0.0,0.005500000000000005,BTC,79792.46,0.0
2026-05-04T06:20:01.285567+00:00,BTC-15MAY26-65000-C,79823.91,BTC-15MAY26,call,65000.0,2026-05-15T08:00:00+00:00,0.030306446448177298,0.167,0.1905,0.18631288,0.17875,79823.91,BTC-15MAY26,0.5642,0.98391,5.58937,0.0,0.0,0.023499999999999993,BTC,79792.46,0.0
2026-05-04T06:20:01.285567+00:00,BTC-6MAY26-84000-P,79806.32,index_price,put,84000.0,2026-05-06T08:00:00+00:00,0.005665789363988389,0.027,0.064,0.05328135,0.0455,,,0.40700000000000003,-0.95109,6.08607,0.0,0.0,0.037000000000000005,BTC,79792.46,0.0
2026-05-04T06:20:01.285567+00:00,BTC-25DEC26-150000-C,81185.77,BTC-25DEC26,call,150000.0,2026-12-25T08:00:00+00:00,0.643585022765768,0.0075,0.0085,0.0079405,0.008,81185.77,BTC-25DEC26,0.44049999999999995,0.05945,77.04143,1513.6,21.6,0.0010000000000000009,BTC,79792.46,12906.76
2026-05-04T06:20:01.285567+00:00,BTC-26JUN26-92000-C,80008.94,BTC-26JUN26,call,92000.0,2026-06-26T08:00:00+00:00,0.14529617950772558,0.0135,0.014,0.01374449,0.01375,80008.94,BTC-26JUN26,0.3791,0.18555,81.57336,212.3,47.4,0.0005000000000000004,BTC,79792.46,50364.06
2026-05-04T06:20:01.285567+00:00,BTC-6MAY26-80500-C,79806.32,index_price,call,80500.0,2026-05-06T08:00:00+00:00,0.005665789363988389,0.0065,0.0075,0.00693446,0.007,,,0.35700000000000004,0.37671,22.8075,5.2,6.5,0.001,BTC,79792.46,4228.85
2026-05-04T06:20:01.285567+00:00,BTC-26MAR27-58000-P,81859.37,BTC-26MAR27,put,58000.0,2027-03-26T08:00:00+00:00,0.8927294443947892,0.051,0.0535,0.05235395,0.05225,81859.37,BTC-26MAR27,0.4963,-0.16628,192.99571,24.2,0.2,0.0025000000000000022,BTC,79792.46,828.65
2026-05-04T06:20:01.285567+00:00,BTC-26JUN26-62000-P,80008.94,BTC-26JUN26,put,62000.0,2026-06-26T08:00:00+00:00,0.14529617950772558,0.006,0.007,0.00657885,0.0065,80008.94,BTC-26JUN26,0.4916,-0.07287,42.24178,983.6,105.3,0.001,BTC,79792.46,61435.54
2026-05-04T06:20:01.285567+00:00,BTC-8MAY26-77000-C,79812.5,BTC-8MAY26,call,77000.0,2026-05-08T08:00:00+00:00,0.011141490938252592,0.038,0.042,0.03949916,0.04,79812.5,BTC-8MAY26,0.38880000000000003,0.81351,22.59986,117.2,8.9,0.0040000000000000036,BTC,79792.46,24818.14
2026-05-04T06:20:01.285567+00:00,BTC-5MAY26-77000-C,79806.32,index_price,call,77000.0,2026-05-05T08:00:00+00:00,0.002927938576856288,0.0315,0.06,0.03562755,0.04575,,,0.4354,0.93669,5.3618,0.6,0.6,0.028499999999999998,BTC,79792.46,1061.28
2026-05-04T06:20:01.285567+00:00,BTC-15MAY26-76000-C,79823.91,BTC-15MAY26,call,76000.0,2026-05-15T08:00:00+00:00,0.030306446448177298,0.0555,0.06,0.05730541,0.05775,79823.91,BTC-15MAY26,0.3953,0.77223,41.97296,156.3,0.1,0.004499999999999997,BTC,79792.46,437.97
2026-05-04T06:20:01.285567+00:00,BTC-4MAY26-85000-C,79806.09,index_price,call,85000.0,2026-05-04T08:00:00+00:00,0.0001900877897241869,,0.0001,0.0,,,,0.5711999999999999,0.0,0.0,21.4,0.0,,BTC,79792.46,0.0
2026-05-04T06:20:01.285567+00:00,BTC-26JUN26-95000-C,80008.94,BTC-26JUN26,call,95000.0,2026-06-26T08:00:00+00:00,0.14529617950772558,0.009,0.0095,0.0092536,0.00925,80008.94,BTC-26JUN26,0.38170000000000004,0.13421,65.96417,3456.2,130.0,0.0005000000000000004,BTC,79793.41,70871.6
2026-05-04T06:20:01.285567+00:00,BTC-25SEP26-88000-C,80503.32,BTC-25SEP26,call,88000.0,2026-09-25T08:00:00+00:00,0.3944406011367468,0.0655,0.0665,0.06587875,0.066,80503.32,BTC-25SEP26,0.4054,0.41186,196.80135,301.0,0.4,0.0010000000000000009,BTC,79793.41,1905.11
2026-05-04T06:20:01.285567+00:00,BTC-22MAY26-79000-P,79845.32,SYN.BTC-22MAY26,put,79000.0,2026-05-22T08:00:00+00:00,0.049471401958102006,0.028,0.0285,0.02841399,0.02825,79845.32,SYN.BTC-22MAY26,0.3789,-0.43371,69.88185,11.4,10.8,0.0005000000000000004,BTC,79793.41,27615.37
2026-05-04T06:20:01.285567+00:00,BTC-25DEC26-66000-C,81185.77,BTC-25DEC26,call,66000.0,2026-12-25T08:00:00+00:00,0.643585022765768,0.246,0.251,0.24837865,0.2485,81185.77,BTC-25DEC26,0.4685,0.76985,197.88308,15.9,0.0,0.0050000000000000044,BTC,79791.73,0.0
2026-05-04T06:20:01.285567+00:00,BTC-25DEC26-102000-C,81185.77,BTC-25DEC26,call,102000.0,2026-12-25T08:00:00+00:00,0.643585022765768,0.056,0.0575,0.05699565,0.05675,81185.77,BTC-25DEC26,0.42469999999999997,0.30874,229.41507,45.1,10.0,0.0015000000000000013,BTC,79791.73,40338.45
2026-05-04T06:20:01.285567+00:00,BTC-26MAR27-104000-C,81859.37,BTC-26MAR27,call,104000.0,2027-03-26T08:00:00+00:00,0.8927294443947892,0.078,0.081,0.07953323,0.0795,81859.37,BTC-26MAR27,0.435,0.35301,287.4246,1.0,0.0,0.0030000000000000027,BTC,79791.73,0.0
2026-05-04T06:20:01.285567+00:00,BTC-25DEC26-170000-C,81185.54,BTC-25DEC26,call,170000.0,2026-12-25T08:00:00+00:00,0.643585022765768,0.0043,0.0045,0.00432295,0.0044,81185.54,BTC-25DEC26,0.4579,0.0338,48.91808,2011.0,17.1,0.00019999999999999966,BTC,79791.73,5584.63
2026-05-04T06:20:01.285567+00:00,BTC-15MAY26-72000-P,79823.91,BTC-15MAY26,put,72000.0,2026-05-15T08:00:00+00:00,0.030306446448177298,0.0027,0.003,0.00291414,0.00285,79823.91,BTC-15MAY26,0.43689999999999996,-0.0815,20.95427,402.0,5.1,0.0002999999999999999,BTC,79791.73,1540.77
2026-05-04T06:20:01.285567+00:00,BTC-25SEP26-65000-C,80503.32,BTC-25SEP26,call,65000.0,2026-09-25T08:00:00+00:00,0.3944406011367468,0.2245,0.229,0.22726678,0.22675,80503.32,BTC-25SEP26,0.46140000000000003,0.81132,136.63828,424.3,6.5,0.004500000000000004,BTC,79791.73,118050.17
2026-05-04T06:20:01.285567+00:00,BTC-7MAY26-87000-C,79806.09,index_price,call,87000.0,2026-05-07T08:00:00+00:00,0.008403640151120492,0.0002,0.0005,0.00034925,0.00035,,,0.4639,0.02191,3.82615,0.1,0.1,0.00030000000000000003,BTC,79791.73,2.38
2026-05-04T06:20:01.285567+00:00,BTC-29MAY26-68000-P,79866.82,BTC-29MAY26,put,68000.0,2026-05-29T08:00:00+00:00,0.06863635746802672,0.0043,0.0045,0.00441668,0.0044,79866.82,BTC-29MAY26,0.45270000000000005,-0.07859,30.69675,741.3,13.4,0.00019999999999999966,BTC,79791.73,6355.25
2026-05-04T06:20:01.285567+00:00,BTC-26MAR27-130000-P,81859.37,BTC-26MAR27,put,130000.0,2027-03-26T08:00:00+00:00,0.8927294443947892,0.547,0.7145,0.62067592,0.63075,81859.37,BTC-26MAR27,0.4318,-0.82376,200.30516,0.1,0.0,0.16749999999999998,BTC,79789.8,0.0
2026-05-04T06:20:01.285567+00:00,BTC-26MAR27-80000-P,81859.37,BTC-26MAR27,put,80000.0,2027-03-26T08:00:00+00:00,0.8927294443947892,0.1555,0.1585,0.1570116,0.157,81859.37,BTC-26MAR27,0.4545,-0.3944,297.73526,4.0,0.0,0.0030000000000000027,BTC,79789.8,0.0
2026-05-04T06:20:01.285567+00:00,BTC-26JUN26-64000-P,80008.94,BTC-26JUN26,put,64000.0,2026-06-26T08:00:00+00:00,0.14529617950772558,0.008,0.0085,0.00820339,0.00825,80008.94,BTC-26JUN26,0.4707,-0.09135,50.08296,354.1,24.4,0.0005000000000000004,BTC,79789.8,18071.74
2026-05-04T06:20:01.285567+00:00,BTC-25SEP26-300000-C,80503.27,BTC-25SEP26,call,300000.0,2026-09-25T08:00:00+00:00,0.3944406011367468,,0.0002,0.00010567,,80503.27,BTC-25SEP26,0.6389,0.00105,1.77449,199.0,0.0,,BTC,79789.8,0.0
2026-05-04T06:20:01.285567+00:00,BTC-6MAY26-74000-P,79806.32,index_price,put,74000.0,2026-05-06T08:00:00+00:00,0.005665789363988389,0.0004,0.0005,0.00050824,0.00045,,,0.5442,-0.03098,4.19648,49.3,49.2,9.999999999999999e-05,BTC,79789.8,2092.79
2026-05-04T06:20:01.285567+00:00,BTC-26MAR27-40000-C,81859.37,BTC-26MAR27,call,40000.0,2027-03-26T08:00:00+00:00,0.8927294443947892,0.525,0.5305,0.52787075,0.52775,81859.37,BTC-26MAR27,0.5776,0.94335,88.08565,20.0,0.0,0.005499999999999949,BTC,79789.8,0.0
2026-05-04T06:20:01.285567+00:00,BTC-8MAY26-70000-C,79812.5,BTC-8MAY26,call,70000.0,2026-05-08T08:00:00+00:00,0.011141490938252592,0.122,0.126,0.12337097,0.124,79812.5,BTC-8MAY26,0.5991,0.98247,3.64687,2.3,0.0,0.0040000000000000036,BTC,79789.8,0.0
2026-05-04T06:20:01.285567+00:00,BTC-25SEP26-135000-C,80503.32,BTC-25SEP26,call,135000.0,2026-09-25T08:00:00+00:00,0.3944406011367468,0.003,0.0035,0.00312773,0.00325,80503.32,BTC-25SEP26,0.4182,0.03325,37.45564,153.6,0.1,0.0005,BTC,79789.8,24.02
2026-05-04T06:20:01.285567+00:00,BTC-25SEP26-72000-P,80503.27,BTC-25SEP26,put,72000.0,2026-09-25T08:00:00+00:00,0.3944406011367468,0.058,0.0595,0.05884641,0.05875,80503.27,BTC-25SEP26,0.4364,-0.29329,174.01269,251.5,0.4,0.0014999999999999944,BTC,79789.8,1838.71
2026-05-04T06:20:01.285567+00:00,BTC-6MAY26-77000-C,79806.32,index_price,call,77000.0,2026-05-06T08:00:00+00:00,0.005665789363988389,0.0325,0.041,0.03695927,0.03675,,,0.413,0.87746,12.19236,0.0,0.0,0.0085,BTC,79789.65,0.0
2026-05-04T06:20:01.285567+00:00,BTC-25SEP26-62000-P,80503.32,BTC-25SEP26,put,62000.0,2026-09-25T08:00:00+00:00,0.3944406011367468,0.0265,0.0275,0.02720988,0.027,80503.32,BTC-25SEP26,0.4742,-0.15252,119.21714,739.6,16.1,0.0010000000000000009,BTC,79789.65,34204.6
2026-05-04T06:20:01.285567+00:00,BTC-31JUL26-76000-C,80200.85307692307,SYN.BTC-31JUL26,call,76000.0,2026-07-31T08:00:00+00:00,0.24112095705734912,0.105,0.1085,0.10681911,0.10675,80200.85307692307,SYN.BTC-31JUL26,0.40880000000000005,0.6434,146.87363,0.5,0.0,0.003500000000000003,BTC,79789.65,0.0
2026-05-04T06:20:01.285567+00:00,BTC-29MAY26-80000-C,79866.82,BTC-29MAY26,call,80000.0,2026-05-29T08:00:00+00:00,0.06863635746802672,0.0385,0.039,0.03876475,0.03875,79866.82,BTC-29MAY26,0.3785,0.51237,83.44624,7486.6,840.8,0.0005000000000000004,BTC,79789.65,2659910.3
2026-05-04T06:20:01.285567+00:00,BTC-29MAY26-79000-C,79866.82,BTC-29MAY26,call,79000.0,2026-05-29T08:00:00+00:00,0.06863635746802672,0.045,0.046,0.04531862,0.0455,79866.82,BTC-29MAY26,0.3815,0.56256,82.4576,339.3,10.6,0.0010000000000000009,BTC,79789.65,33961.51
2026-05-04T06:20:01.285567+00:00,BTC-26MAR27-55000-C,81859.37,BTC-26MAR27,call,55000.0,2027-03-26T08:00:00+00:00,0.8927294443947892,0.3685,0.375,0.37184233,0.37175,81859.37,BTC-26MAR27,0.5056,0.85786,173.95658,0.0,0.0,0.006500000000000006,BTC,79789.65,0.0
2026-05-04T06:20:01.285567+00:00,BTC-26MAR27-62000-C,81859.37,BTC-26MAR27,call,62000.0,2027-03-26T08:00:00+00:00,0.8927294443947892,0.305,0.311,0.30837714,0.308,81859.37,BTC-26MAR27,0.4853,0.79808,217.8163,1.0,0.0,0.006000000000000005,BTC,79789.65,0.0
2026-05-04T06:20:01.285567+00:00,BTC-6MAY26-79000-C,79806.32,index_price,call,79000.0,2026-05-06T08:00:00+00:00,0.005665789363988389,0.016,0.0175,0.01674304,0.01675,,,0.3693,0.64516,22.35614,9.5,6.8,0.0015000000000000013,BTC,79789.65,6145.2
2026-05-04T06:20:01.285567+00:00,BTC-25SEP26-120000-P,80503.32,BTC-25SEP26,put,120000.0,2026-09-25T08:00:00+00:00,0.3944406011367468,0.492,0.505,0.49800838,0.4985,80503.32,BTC-25SEP26,0.40159999999999996,-0.92725,69.93573,173.8,0.0,0.013000000000000012,BTC,79789.65,0.0
2026-05-04T06:20:01.285567+00:00,BTC-26JUN26-70000-P,80008.94,BTC-26JUN26,put,70000.0,2026-06-26T08:00:00+00:00,0.14529617950772558,0.017,0.018,0.01766187,0.0175,80008.94,BTC-26JUN26,0.4275,-0.18373,81.07302,2668.4,35.5,0.0009999999999999974,BTC,79789.75,57433.52
2026-05-04T06:20:01.285567+00:00,BTC-15MAY26-70000-C,79823.91,BTC-15MAY26,call,70000.0,2026-05-15T08:00:00+00:00,0.030306446448177298,0.118,0.1295,0.12485604,0.12375,79823.91,BTC-15MAY26,0.4703,0.95027,14.27118,0.2,0.0,0.01150000000000001,BTC,79789.75,0.0
2026-05-04T06:20:01.285567+00:00,BTC-26JUN26-65000-C,80008.94,BTC-26JUN26,call,65000.0,2026-06-26T08:00:00+00:00,0.14529617950772558,0.196,0.198,0.19693443,0.197,80008.94,BTC-26JUN26,0.4631,0.89704,54.68133,674.6,0.0,0.0020000000000000018,BTC,79789.75,0.0
2026-05-04T06:20:01.285567+00:00,BTC-7MAY26-79500-P,79806.09,index_price,put,79500.0,2026-05-07T08:00:00+00:00,0.008403640151120492,0.011,0.0115,0.01126782,0.01125,,,0.3589,-0.4494,28.94879,3.6,5.9,0.0005000000000000004,BTC,79789.75,5715.59
2026-05-04T06:20:01.285567+00:00,BTC-25SEP26-50000-C,80503.32,BTC-25SEP26,call,50000.0,2026-09-25T08:00:00+00:00,0.3944406011367468,0.387,0.3915,0.38934079,0.38925,80503.32,BTC-25SEP26,0.5508,0.93927,60.8096,32.6,0.0,0.004500000000000004,BTC,79789.75,0.0
2026-05-04T06:20:01.285567+00:00,BTC-31JUL26-75000-C,80200.85307692307,SYN.BTC-31JUL26,call,75000.0,2026-07-31T08:00:00+00:00,0.24112095705734912,0.1125,0.117,0.11455103,0.11475,80200.85307692307,SYN.BTC-31JUL26,0.41159999999999997,0.66706,143.14633,1.7,0.2,0.004500000000000004,BTC,79789.75,1794.42
2026-05-04T06:20:01.285567+00:00,BTC-4MAY26-73500-C,79806.09,index_price,call,73500.0,2026-05-04T08:00:00+00:00,0.0001900877897241869,0.0535,0.1005,0.07900221,0.077,,,0.6076,1.0,0.0,0.0,0.0,0.04700000000000001,BTC,79790.12,0.0
2026-05-04T06:20:01.285567+00:00,BTC-25SEP26-96000-C,80503.27,BTC-25SEP26,call,96000.0,2026-09-25T08:00:00+00:00,0.3944406011367468,0.0385,0.0395,0.03883014,0.039,80503.27,BTC-25SEP26,0.3992,0.28203,170.81786,153.7,0.5,0.0010000000000000009,BTC,79789.75,1526.14
2026-05-04T06:20:01.285567+00:00,BTC-5MAY26-85000-P,79806.32,index_price,put,85000.0,2026-05-05T08:00:00+00:00,0.002927938576856288,0.0355,0.0915,0.06545145,0.0635,,,0.5347999999999999,-0.98502,1.63249,0.0,0.0,0.056,BTC,79790.12,0.0
2026-05-04T06:20:01.285567+00:00,BTC-26MAR27-82000-C,81859.37,BTC-26MAR27,call,82000.0,2027-03-26T08:00:00+00:00,0.8927294443947892,0.166,0.1685,0.16732897,0.16725,81859.37,BTC-26MAR27,0.449,0.58228,302.02302,106.0,1.2,0.0025000000000000022,BTC,79790.12,16268.02
2026-05-04T06:20:01.285567+00:00,BTC-26JUN26-150000-C,80008.94,BTC-26JUN26,call,150000.0,2026-06-26T08:00:00+00:00,0.14529617950772558,0.0001,0.0002,0.00014046,0.00015,80008.94,BTC-26JUN26,0.5618,0.00236,2.24291,2595.8,0.1,0.0001,BTC,79790.12,1.57
2026-05-04T06:20:01.285567+00:00,BTC-31JUL26-108000-C,80200.85307692307,SYN.BTC-31JUL26,call,108000.0,2026-07-31T08:00:00+00:00,0.24112095705734912,0.0055,0.006,0.00566219,0.00575,80200.85307692307,SYN.BTC-31JUL26,0.38880000000000003,0.07187,53.96572,0.9,0.9,0.0005000000000000004,BTC,79790.12,433.27
2026-05-04T06:20:01.285567+00:00,BTC-6MAY26-80000-P,79806.32,index_price,put,80000.0,2026-05-06T08:00:00+00:00,0.005665789363988389,0.0115,0.0125,0.01211349,0.012,,,0.3589,-0.53337,23.87657,2.3,2.5,0.0010000000000000009,BTC,79790.29,2179.42
2026-05-04T06:20:01.285567+00:00,BTC-6MAY26-87000-P,79806.32,index_price,put,87000.0,2026-05-06T08:00:00+00:00,0.005665789363988389,0.0585,0.0965,0.09043011,0.0775,,,0.5081,-0.9872,1.98418,0.0,0.0,0.038,BTC,79790.29,0.0
2026-05-04T06:20:01.285567+00:00,BTC-5MAY26-79500-P,79806.32,index_price,put,79500.0,2026-05-05T08:00:00+00:00,0.002927938576856288,0.0055,0.0065,0.00614715,0.006,,,0.3632,-0.42225,16.89108,12.9,17.5,0.001,BTC,79790.29,9586.33
2026-05-04T06:20:01.285567+00:00,BTC-25SEP26-55000-C,80503.27,BTC-25SEP26,call,55000.0,2026-09-25T08:00:00+00:00,0.3944406011367468,0.33,0.3345,0.33238697,0.33225,80503.27,BTC-25SEP26,0.515,0.90974,82.29052,82.1,0.0,0.004500000000000004,BTC,79790.29,0.0
2026-05-04T06:20:01.285567+00:00,BTC-26JUN26-84000-P,80008.94,BTC-26JUN26,put,84000.0,2026-06-26T08:00:00+00:00,0.14529617950772558,0.0865,0.089,0.08769155,0.08775,80008.94,BTC-26JUN26,0.38170000000000004,-0.6038,117.54599,12.4,0.4,0.0025000000000000022,BTC,79790.29,2696.89
2026-05-04T06:20:01.285567+00:00,BTC-31JUL26-68000-C,80200.85307692307,SYN.BTC-31JUL26,call,68000.0,2026-07-31T08:00:00+00:00,0.24112095705734912,0.174,0.207,0.17746127,0.1905,80200.85307692307,SYN.BTC-31JUL26,0.4395,0.80817,107.51485,0.0,0.0,0.033,BTC,79790.29,0.0
2026-05-04T06:20:01.285567+00:00,BTC-31JUL26-100000-C,80200.85307692307,SYN.BTC-31JUL26,call,100000.0,2026-07-31T08:00:00+00:00,0.24112095705734912,0.012,0.0125,0.01236301,0.01225,80200.85307692307,SYN.BTC-31JUL26,0.3825,0.13997,87.65409,70.6,2.9,0.0005000000000000004,BTC,79790.31,2553.53
2026-05-04T06:20:01.285567+00:00,BTC-25DEC26-74000-P,81185.54,BTC-25DEC26,put,74000.0,2026-12-25T08:00:00+00:00,0.643585022765768,0.0965,0.0985,0.09759278,0.0975,81185.54,BTC-25DEC26,0.45159999999999995,-0.33123,236.26256,55.8,0.0,0.0020000000000000018,BTC,79790.31,0.0
2026-05-04T06:20:01.285567+00:00,BTC-5MAY26-76000-C,79806.32,index_price,call,76000.0,2026-05-05T08:00:00+00:00,0.002927938576856288,0.032,0.0725,0.04787269,0.05225,,,0.49920000000000003,0.96515,3.32374,0.3,0.0,0.040499999999999994,BTC,79790.31,0.0
2026-05-04T06:20:01.285567+00:00,BTC-25SEP26-74000-C,80503.32,BTC-25SEP26,call,74000.0,2026-09-25T08:00:00+00:00,0.3944406011367468,0.1465,0.1505,0.14867857,0.1485,80503.32,BTC-25SEP26,0.431,0.67217,182.64412,356.1,0.0,0.0040000000000000036,BTC,79790.31,0.0
2026-05-04T06:20:01.285567+00:00,BTC-31JUL26-64000-C,80200.85307692307,SYN.BTC-31JUL26,call,64000.0,2026-07-31T08:00:00+00:00,0.24112095705734912,0.215,0.2215,0.21877769,0.21825,80200.85307692307,SYN.BTC-31JUL26,0.46,0.86651,84.85912,0.0,0.0,0.006500000000000006,BTC,79790.31,0.0
2026-05-04T06:20:01.285567+00:00,BTC-7MAY26-72000-P,79806.09,index_price,put,72000.0,2026-05-07T08:00:00+00:00,0.008403640151120492,0.0003,0.0005,0.0004159,0.0004,,,0.5615,-0.02134,3.7416,0.0,0.0,0.00020000000000000004,BTC,79790.31,0.0
2026-05-04T06:20:01.285567+00:00,BTC-26JUN26-58000-P,80008.94,BTC-26JUN26,put,58000.0,2026-06-26T08:00:00+00:00,0.14529617950772558,0.0039,0.0042,0.00415683,0.00405,80008.94,BTC-26JUN26,0.5326,-0.04588,29.36438,589.2,24.4,0.0002999999999999999,BTC,79790.8,8922.33
2026-05-04T06:20:01.285567+00:00,BTC-29MAY26-40000-C,79866.82,BTC-29MAY26,call,40000.0,2026-05-29T08:00:00+00:00,0.06863635746802672,0.4985,0.501,0.49926093,0.49975,79866.82,BTC-29MAY26,0.9076000000000001,0.99876,0.8592,17.7,0.0,0.0025000000000000022,BTC,79790.31,0.0
2026-05-04T06:20:01.285567+00:00,BTC-25DEC26-84000-C,81185.77,BTC-25DEC26,call,84000.0,2026-12-25T08:00:00+00:00,0.643585022765768,0.124,0.1265,0.1252196,0.12525,81185.77,BTC-25DEC26,0.4379,0.53119,259.08777,529.7,0.0,0.0025000000000000022,BTC,79790.8,0.0
2026-05-04T06:20:01.285567+00:00,BTC-25SEP26-76000-P,80503.27,BTC-25SEP26,put,76000.0,2026-09-25T08:00:00+00:00,0.3944406011367468,0.077,0.0785,0.07787477,0.07775,80503.27,BTC-25SEP26,0.426,-0.36381,189.86432,463.8,0.2,0.0015000000000000013,BTC,79790.8,1290.55
2026-05-04T06:20:01.285567+00:00,BTC-22MAY26-86000-C,79845.32,SYN.BTC-22MAY26,call,86000.0,2026-05-22T08:00:00+00:00,0.049471401958102006,0.008,0.0085,0.00837024,0.00825,79845.32,SYN.BTC-22MAY26,0.3671,0.19189,48.49335,5.1,3.1,0.0005000000000000004,BTC,79790.8,2238.32
2026-05-04T06:20:01.285567+00:00,BTC-25DEC26-76000-C,81185.77,BTC-25DEC26,call,76000.0,2026-12-25T08:00:00+00:00,0.643585022765768,0.1715,0.1745,0.17240204,0.173,81185.77,BTC-25DEC26,0.4482,0.64168,243.31653,242.8,3.0,0.002999999999999975,BTC,79790.61,41878.52
2026-05-04T06:20:01.285567+00:00,BTC-15MAY26-90000-P,79823.91,BTC-15MAY26,put,90000.0,2026-05-15T08:00:00+00:00,0.030306446448177298,0.1155,0.1455,0.12865902,0.1305,79823.91,BTC-15MAY26,0.3953,-0.95611,12.91244,0.0,0.0,0.029999999999999985,BTC,79790.8,0.0
2026-05-04T06:20:01.285567+00:00,BTC-6MAY26-74000-C,79806.32,index_price,call,74000.0,2026-05-06T08:00:00+00:00,0.005665789363988389,0.069,0.0775,0.07315613,0.07325,,,0.5442,0.96906,4.1927,0.0,0.0,0.008499999999999994,BTC,79790.61,0.0
2026-05-04T06:20:01.285567+00:00,BTC-26JUN26-30000-P,80008.94,BTC-26JUN26,put,30000.0,2026-06-26T08:00:00+00:00,0.14529617950772558,0.0002,0.0004,0.00032728,0.0003,80008.94,BTC-26JUN26,0.9875,-0.0026,2.45667,1668.5,7.2,0.0002,BTC,79790.61,170.98
2026-05-04T06:20:01.285567+00:00,BTC-22MAY26-83000-P,79845.32,SYN.BTC-22MAY26,put,83000.0,2026-05-22T08:00:00+00:00,0.049471401958102006,0.0545,0.058,0.0566108,0.05625,79845.32,SYN.BTC-22MAY26,0.3667,-0.66789,64.48867,0.0,0.0,0.003500000000000003,BTC,79790.61,0.0
2026-05-04T06:20:01.285567+00:00,BTC-25DEC26-104000-C,81185.77,BTC-25DEC26,call,104000.0,2026-12-25T08:00:00+00:00,0.643585022765768,0.0515,0.0525,0.05218006,0.052,81185.77,BTC-25DEC26,0.42450000000000004,0.2888,222.55118,50.1,0.7,0.0010000000000000009,BTC,79790.53,3007.33
2026-05-04T06:20:01.285567+00:00,BTC-25SEP26-66000-C,80503.32,BTC-25SEP26,call,66000.0,2026-09-25T08:00:00+00:00,0.3944406011367468,0.2145,0.2195,0.21757126,0.217,80503.32,BTC-25SEP26,0.4568,0.79828,142.30275,79.0,0.0,0.0050000000000000044,BTC,79790.61,0.0
2026-05-04T06:20:01.285567+00:00,BTC-8MAY26-83000-C,79812.63,BTC-8MAY26,call,83000.0,2026-05-08T08:00:00+00:00,0.011141490938252592,0.0028,0.0031,0.00295382,0.00295,79812.63,BTC-8MAY26,0.35619999999999996,0.15235,19.84622,292.2,111.6,0.0002999999999999999,BTC,79790.61,32428.17
2026-05-04T06:20:01.285567+00:00,BTC-8MAY26-66000-P,79812.55,BTC-8MAY26,put,66000.0,2026-05-08T08:00:00+00:00,0.011141490938252592,0.0001,0.0002,0.00018514,0.00015,79812.55,BTC-8MAY26,0.7448999999999999,-0.007,1.64198,461.8,11.9,0.0001,BTC,79790.61,106.37
2026-05-04T06:20:01.285567+00:00,BTC-25SEP26-155000-P,80503.32,BTC-25SEP26,put,155000.0,2026-09-25T08:00:00+00:00,0.3944406011367468,0.8515,1.011,0.92647952,0.93125,80503.32,BTC-25SEP26,0.4403,-0.98705,16.86776,0.1,0.0,0.15949999999999986,BTC,79790.61,0.0
2026-05-04T06:20:01.285567+00:00,BTC-22MAY26-88000-C,79845.32,SYN.BTC-22MAY26,call,88000.0,2026-05-22T08:00:00+00:00,0.049471401958102006,0.0048,0.0055,0.0050407,0.00515,79845.32,SYN.BTC-22MAY26,0.3701,0.1273,37.03195,0.2,0.2,0.0007000000000000001,BTC,79790.53,96.53
2026-05-04T06:20:01.285567+00:00,BTC-25SEP26-105000-C,80503.32,BTC-25SEP26,call,105000.0,2026-09-25T08:00:00+00:00,0.3944406011367468,0.0205,0.0215,0.02092333,0.021,80503.32,BTC-25SEP26,0.39759999999999995,0.17388,129.81952,1021.7,10.8,0.0009999999999999974,BTC,79790.53,14917.71
2026-05-04T06:20:01.285567+00:00,BTC-31JUL26-71000-C,80200.85307692307,SYN.BTC-31JUL26,call,71000.0,2026-07-31T08:00:00+00:00,0.24112095705734912,0.1455,0.16,0.14877528,0.15275,80200.85307692307,SYN.BTC-31JUL26,0.426,0.75376,124.15801,0.0,0.0,0.014500000000000013,BTC,79790.53,0.0
2026-05-04T06:20:01.285567+00:00,BTC-4MAY26-78000-P,79806.09,index_price,put,78000.0,2026-05-04T08:00:00+00:00,0.0001900877897241869,,0.0001,5.65e-06,,,,0.5875,-0.00231,0.07857,115.5,96.2,,BTC,79790.53,14973.56
2026-05-04T06:20:01.285567+00:00,BTC-25DEC26-88000-C,81185.77,BTC-25DEC26,call,88000.0,2026-12-25T08:00:00+00:00,0.643585022765768,0.1045,0.1065,0.10536435,0.1055,81185.77,BTC-25DEC26,0.4324,0.47643,259.42845,1611.1,74.5,0.0020000000000000018,BTC,79790.7,644030.13
2026-05-04T06:20:01.285567+00:00,BTC-8MAY26-84000-P,79812.5,BTC-8MAY26,put,84000.0,2026-05-08T08:00:00+00:00,0.011141490938252592,0.0495,0.0585,0.05406242,0.054,79812.5,BTC-8MAY26,0.3601,-0.908,13.90573,0.0,0.0,0.009000000000000001,BTC,79790.7,0.0
2026-05-04T06:20:01.285567+00:00,BTC-29MAY26-105000-P,79866.82,BTC-29MAY26,put,105000.0,2026-05-29T08:00:00+00:00,0.06863635746802672,0.2645,0.372,0.3152034,0.31825,79866.82,BTC-29MAY26,0.4576,-0.98678,7.10548,1.1,0.0,0.10749999999999998,BTC,79790.7,0.0
2026-05-04T06:20:01.285567+00:00,BTC-7MAY26-75500-P,79806.09,index_price,put,75500.0,2026-05-07T08:00:00+00:00,0.008403640151120492,0.0012,0.0014,0.00132285,0.0013,,,0.4253,-0.07507,10.36299,4.6,4.6,0.0002000000000000001,BTC,79790.7,940.26
2026-05-04T06:20:01.285567+00:00,BTC-26MAR27-105000-P,81859.37,BTC-26MAR27,put,105000.0,2027-03-26T08:00:00+00:00,0.8927294443947892,0.348,0.368,0.35945086,0.358,81859.37,BTC-26MAR27,0.43439999999999995,-0.65592,284.72937,0.0,0.0,0.020000000000000018,BTC,79790.7,0.0
2026-05-04T06:20:01.285567+00:00,BTC-29MAY26-78000-P,79866.82,BTC-29MAY26,put,78000.0,2026-05-29T08:00:00+00:00,0.06863635746802672,0.0285,0.0295,0.02912165,0.029,79866.82,BTC-29MAY26,0.3846,-0.38837,80.19606,879.8,53.3,0.0009999999999999974,BTC,79790.7,143205.95
2026-05-04T06:20:01.285567+00:00,BTC-6MAY26-84000-C,79806.32,index_price,call,84000.0,2026-05-06T08:00:00+00:00,0.005665789363988389,0.0006,0.0007,0.00061138,0.00065,,,0.40700000000000003,0.04891,6.08614,33.4,51.5,0.00010000000000000005,BTC,79791.69,3020.76
2026-05-04T06:20:01.285567+00:00,BTC-15MAY26-95000-C,79823.91,BTC-15MAY26,call,95000.0,2026-05-15T08:00:00+00:00,0.030306446448177298,0.0003,0.0005,0.00037647,0.0004,79823.91,BTC-15MAY26,0.4473,0.01414,5.00248,10.1,0.7,0.00020000000000000004,BTC,79791.69,23.16
2026-05-04T06:20:01.285567+00:00,BTC-6MAY26-77500-C,79806.32,index_price,call,77500.0,2026-05-06T08:00:00+00:00,0.005665789363988389,0.0155,0.035,0.03136276,0.02525,,,0.39770000000000005,0.8388,14.68474,0.0,0.0,0.019500000000000003,BTC,79791.69,0.0
2026-05-04T06:20:01.285567+00:00,BTC-5MAY26-83000-P,79806.32,index_price,put,83000.0,2026-05-05T08:00:00+00:00,0.002927938576856288,0.0355,0.045,0.04061834,0.04025,,,0.4192,-0.95758,3.90089,0.0,0.0,0.009500000000000001,BTC,79791.69,0.0
2026-05-04T06:20:01.285567+00:00,BTC-26JUN26-180000-P,80008.94,BTC-26JUN26,put,180000.0,2026-06-26T08:00:00+00:00,0.14529617950772558,1.163,1.345,1.24989597,1.254,80008.94,BTC-26JUN26,0.7034999999999999,-0.99806,1.88239,37.1,0.0,0.18199999999999994,BTC,79791.69,0.0
2026-05-04T06:20:01.285567+00:00,BTC-26JUN26-110000-P,80008.94,BTC-26JUN26,put,110000.0,2026-06-26T08:00:00+00:00,0.14529617950772558,0.3705,0.38,0.37636751,0.37525,80008.94,BTC-26JUN26,0.41479999999999995,-0.97338,18.79063,929.2,0.0,0.009500000000000008,BTC,79791.69,0.0
2026-05-04T06:20:01.285567+00:00,BTC-5MAY26-84000-C,79806.32,index_price,call,84000.0,2026-05-05T08:00:00+00:00,0.002927938576856288,0.0001,0.0003,0.00021075,0.0002,,,0.4705,0.02189,2.25626,24.1,23.4,0.00019999999999999998,BTC,79791.69,260.95
2026-05-04T06:20:01.285567+00:00,BTC-25SEP26-82000-P,80503.32,BTC-25SEP26,put,82000.0,2026-09-25T08:00:00+00:00,0.3944406011367468,0.113,0.1145,0.11394478,0.11375,80503.32,BTC-25SEP26,0.4139,-0.47667,201.39488,167.1,0.0,0.0015000000000000013,BTC,79791.69,0.0
2026-05-04T06:20:01.285567+00:00,BTC-31JUL26-82000-C,80198.88692307692,SYN.BTC-31JUL26,call,82000.0,2026-07-31T08:00:00+00:00,0.24112095705734912,0.0665,0.0675,0.06727847,0.067,80198.88692307692,SYN.BTC-31JUL26,0.3942,0.49252,157.10708,65.7,0.6,0.0010000000000000009,BTC,79791.69,2903.68
2026-05-04T06:20:01.285567+00:00,BTC-25DEC26-58000-C,81185.77,BTC-25DEC26,call,58000.0,2026-12-25T08:00:00+00:00,0.643585022765768,0.32,0.325,0.32255197,0.3225,81185.77,BTC-25DEC26,0.4963,0.85162,150.79219,35.9,0.0,0.0050000000000000044,BTC,79791.69,0.0
2026-05-04T06:20:01.285567+00:00,BTC-29MAY26-66000-P,79866.82,BTC-29MAY26,put,66000.0,2026-05-29T08:00:00+00:00,0.06863635746802672,0.0029,0.0032,0.00306973,0.00305,79866.82,BTC-29MAY26,0.4747,-0.05546,23.43428,837.5,8.3,0.00030000000000000035,BTC,79791.69,2333.82
2026-05-04T06:20:01.285567+00:00,BTC-26JUN26-105000-P,80008.94,BTC-26JUN26,put,105000.0,2026-06-26T08:00:00+00:00,0.14529617950772558,0.3095,0.3185,0.31508138,0.314,80008.94,BTC-26JUN26,0.40340000000000004,-0.9545,29.16857,305.4,6.6,0.009000000000000008,BTC,79791.2,169542.91
2026-05-04T06:20:01.285567+00:00,BTC-5MAY26-78500-C,79806.32,index_price,call,78500.0,2026-05-05T08:00:00+00:00,0.002927938576856288,0.0175,0.0205,0.01858982,0.019,,,0.3761,0.79204,12.36425,46.1,7.0,0.002999999999999999,BTC,79791.2,5207.01
2026-05-04T06:20:01.285567+00:00,BTC-8MAY26-80000-P,79812.5,BTC-8MAY26,put,80000.0,2026-05-08T08:00:00+00:00,0.011141490938252592,0.016,0.0165,0.01629336,0.01625,79812.5,BTC-8MAY26,0.358,-0.51893,33.56817,148.2,110.7,0.0005000000000000004,BTC,79791.2,136803.11
2026-05-04T06:20:01.285567+00:00,BTC-29MAY26-82000-C,79866.82,BTC-29MAY26,call,82000.0,2026-05-29T08:00:00+00:00,0.06863635746802672,0.0275,0.028,0.02767313,0.02775,79866.82,BTC-29MAY26,0.3739,0.41226,81.45895,5003.4,52.4,0.0005000000000000004,BTC,79791.2,115059.65
2026-05-04T06:20:01.285567+00:00,BTC-26JUN26-125000-C,80008.94,BTC-26JUN26,call,125000.0,2026-06-26T08:00:00+00:00,0.14529617950772558,0.0003,0.0006,0.00042211,0.00045,80008.94,BTC-26JUN26,0.46520000000000006,0.00764,6.41969,1877.1,0.0,0.0003,BTC,79791.2,0.0
2026-05-04T06:20:01.285567+00:00,BTC-26JUN26-85000-P,80008.94,BTC-26JUN26,put,85000.0,2026-06-26T08:00:00+00:00,0.14529617950772558,0.0945,0.097,0.09588138,0.09575,80008.94,BTC-26JUN26,0.38020000000000004,-0.63531,114.61914,2861.1,0.3,0.0025000000000000022,BTC,79791.2,2504.23
2026-05-04T06:20:01.285567+00:00,BTC-26JUN26-20000-C,80008.94,BTC-26JUN26,call,20000.0,2026-06-26T08:00:00+00:00,0.14529617950772558,0.7495,0.7515,0.75020873,0.7505,80008.94,BTC-26JUN26,1.2971000000000001,0.99886,1.15938,103.6,0.0,0.0019999999999998908,BTC,79791.2,0.0
2026-05-04T06:20:01.285567+00:00,BTC-25SEP26-66000-P,80503.32,BTC-25SEP26,put,66000.0,2026-09-25T08:00:00+00:00,0.3944406011367468,0.0365,0.038,0.03739316,0.03725,80503.32,BTC-25SEP26,0.4568,-0.20172,142.29977,168.7,0.2,0.0015000000000000013,BTC,79791.2,629.2
2026-05-04T06:20:01.285567+00:00,BTC-25DEC26-85000-C,81185.54,BTC-25DEC26,call,85000.0,2026-12-25T08:00:00+00:00,0.643585022765768,0.119,0.121,0.12000955,0.12,81185.54,BTC-25DEC26,0.4365,0.51743,259.63443,1406.7,23.2,0.0020000000000000018,BTC,79790.5,223065.86
2026-05-04T06:20:01.285567+00:00,BTC-25DEC26-98000-P,81185.77,BTC-25DEC26,put,98000.0,2026-12-25T08:00:00+00:00,0.643585022765768,0.271,0.279,0.27536475,0.275,81185.77,BTC-25DEC26,0.4266,-0.6478,241.83552,0.7,0.0,0.008000000000000007,BTC,79790.5,0.0
2026-05-04T06:20:01.285567+00:00,BTC-26MAR27-78000-C,81859.37,BTC-26MAR27,call,78000.0,2027-03-26T08:00:00+00:00,0.8927294443947892,0.189,0.193,0.19085629,0.191,81859.37,BTC-26MAR27,0.455,0.62814,292.54956,18.1,0.1,0.0040000000000000036,BTC,79790.5,1532.26
2026-05-04T06:20:01.285567+00:00,BTC-26JUN26-66000-C,80008.71,BTC-26JUN26,call,66000.0,2026-06-26T08:00:00+00:00,0.14529617950772558,0.184,0.187,0.18555366,0.1855,80008.71,BTC-26JUN26,0.4533,0.88511,59.16419,413.9,0.0,0.0030000000000000027,BTC,79790.5,0.0
2026-05-04T06:20:01.285567+00:00,BTC-7MAY26-78500-P,79806.09,index_price,put,78500.0,2026-05-07T08:00:00+00:00,0.008403640151120492,0.0065,0.007,0.00671447,0.00675,,,0.3676,-0.30814,25.73725,8.6,9.1,0.0005000000000000004,BTC,79790.5,6695.36
2026-05-04T06:20:01.285567+00:00,BTC-29MAY26-81000-C,79866.82,BTC-29MAY26,call,81000.0,2026-05-29T08:00:00+00:00,0.06863635746802672,0.0325,0.0335,0.03291242,0.033,79866.82,BTC-29MAY26,0.3762,0.46198,83.10601,963.0,9.9,0.0010000000000000009,BTC,79790.5,26454.97
2026-05-04T06:20:01.285567+00:00,BTC-5MAY26-80500-P,79806.32,index_price,put,80500.0,2026-05-05T08:00:00+00:00,0.002927938576856288,0.0115,0.014,0.01319275,0.01275,,,0.3671,-0.66863,15.65188,1.7,2.2,0.0025000000000000005,BTC,79790.5,1995.49
2026-05-04T06:20:01.285567+00:00,BTC-29MAY26-76000-P,79866.82,BTC-29MAY26,put,76000.0,2026-05-29T08:00:00+00:00,0.06863635746802672,0.02,0.0205,0.02042325,0.02025,79866.82,BTC-29MAY26,0.39299999999999996,-0.29741,72.4748,1120.6,113.8,0.0005000000000000004,BTC,79790.5,214435.64
2026-05-04T06:20:01.285567+00:00,BTC-25SEP26-200000-P,80503.32,BTC-25SEP26,put,200000.0,2026-09-25T08:00:00+00:00,0.3944406011367468,1.3885,1.59,1.48457969,1.48925,80503.32,BTC-25SEP26,0.5004,-0.9969,4.77095,0.1,0.0,0.2015,BTC,79790.5,0.0
2026-05-04T06:20:01.285567+00:00,BTC-26JUN26-130000-P,80008.94,BTC-26JUN26,put,130000.0,2026-06-26T08:00:00+00:00,0.14529617950772558,0.6175,0.63,0.62513954,0.62375,80008.94,BTC-26JUN26,0.48479999999999995,-0.99434,4.9271,106.8,0.0,0.012499999999999956,BTC,79790.5,0.0
2026-05-04T06:20:01.285567+00:00,BTC-25DEC26-78000-C,81185.77,BTC-25DEC26,call,78000.0,2026-12-25T08:00:00+00:00,0.643585022765768,0.1585,0.161,0.15957626,0.15975,81185.77,BTC-25DEC26,0.44549999999999995,0.61419,249.15839,168.1,0.1,0.0025000000000000022,BTC,79790.47,1284.64
2026-05-04T06:20:01.285567+00:00,BTC-26JUN26-50000-P,80008.94,BTC-26JUN26,put,50000.0,2026-06-26T08:00:00+00:00,0.14529617950772558,0.0015,0.0018,0.00171045,0.00165,80008.94,BTC-26JUN26,0.625,-0.01811,13.57219,2521.2,13.3,0.0002999999999999999,BTC,79790.47,1751.44
2026-05-04T06:20:01.285567+00:00,BTC-25SEP26-85000-P,80503.32,BTC-25SEP26,put,85000.0,2026-09-25T08:00:00+00:00,0.3944406011367468,0.1345,0.136,0.13542128,0.13525,80503.32,BTC-25SEP26,0.4094,-0.53329,201.03314,498.8,1.0,0.0015000000000000013,BTC,79790.5,11208.9
2026-05-04T06:20:01.285567+00:00,BTC-29MAY26-78000-C,79866.82,BTC-29MAY26,call,78000.0,2026-05-29T08:00:00+00:00,0.06863635746802672,0.0515,0.0535,0.05250804,0.0525,79866.82,BTC-29MAY26,0.3846,0.61165,80.19423,1060.7,26.9,0.0020000000000000018,BTC,79790.5,98109.48
2026-05-04T06:20:01.285567+00:00,BTC-31JUL26-106000-C,80200.85307692307,SYN.BTC-31JUL26,call,106000.0,2026-07-31T08:00:00+00:00,0.24112095705734912,0.0065,0.007,0.00687435,0.00675,80200.85307692307,SYN.BTC-31JUL26,0.387,0.08506,61.31973,18.9,0.2,0.0005000000000000004,BTC,79790.47,82.24
2026-05-04T06:20:01.285567+00:00,BTC-31JUL26-62000-P,80200.85307692307,SYN.BTC-31JUL26,put,62000.0,2026-07-31T08:00:00+00:00,0.24112095705734912,0.0135,0.014,0.01371881,0.01375,80200.85307692307,SYN.BTC-31JUL26,0.4727,-0.1108,74.4481,71.3,2.4,0.0005000000000000004,BTC,79790.47,2828.31
2026-05-04T06:20:01.285567+00:00,BTC-22MAY26-73000-P,79845.32,SYN.BTC-22MAY26,put,73000.0,2026-05-22T08:00:00+00:00,0.049471401958102006,0.007,0.008,0.00753658,0.0075,79845.32,SYN.BTC-22MAY26,0.4106,-0.15305,41.97058,42.6,14.1,0.001,BTC,79790.47,8803.39
2026-05-04T06:20:01.285567+00:00,BTC-7MAY26-78500-C,79806.09,index_price,call,78500.0,2026-05-07T08:00:00+00:00,0.008403640151120492,0.0215,0.0245,0.02309881,0.023,,,0.3676,0.69186,25.73736,2.6,2.6,0.0030000000000000027,BTC,79790.47,3382.61
2026-05-04T06:20:01.285567+00:00,BTC-7MAY26-83000-C,79806.09,index_price,call,83000.0,2026-05-07T08:00:00+00:00,0.008403640151120492,0.0021,0.0022,0.00213278,0.00215,,,0.3705,0.12638,15.17292,29.6,29.7,0.00010000000000000026,BTC,79790.47,3455.65
2026-05-04T06:20:01.285567+00:00,BTC-25DEC26-95000-P,81185.77,BTC-25DEC26,put,95000.0,2026-12-25T08:00:00+00:00,0.643585022765768,0.2445,0.2515,0.24799498,0.248,81185.77,BTC-25DEC26,0.4278,-0.61268,249.44141,90.5,0.0,0.007000000000000006,BTC,79790.47,0.0
2026-05-04T06:20:01.285567+00:00,BTC-4MAY26-83000-P,79806.09,index_price,put,83000.0,2026-05-04T08:00:00+00:00,0.0001900877897241869,0.0345,0.0805,0.04003832,0.0575,,,0.5698,-1.0,1e-05,0.0,0.0,0.046,BTC,79790.47,0.0
2026-05-04T06:20:01.285567+00:00,ETH-25SEP26-2300-P,2388.19,ETH-25SEP26,put,2300.0,2026-09-25T08:00:00+00:00,0.3944406011367468,0.1285,0.13,0.12912,0.12925,2388.19,ETH-25SEP26,0.6004999999999999,-0.38652,5.74194,504.0,130.0,0.0015000000000000013,ETH,2366.89,42355.8
2026-05-04T06:20:01.285567+00:00,ETH-25DEC26-1000-C,2408.55,ETH-25DEC26,call,1000.0,2026-12-25T08:00:00+00:00,0.643585022765768,0.595,0.6005,0.597917,0.59775,2408.55,ETH-25DEC26,0.7655,0.9589,1.70275,8.0,0.0,0.00550000000000006,ETH,2366.89,0.0
2026-05-04T06:20:01.285567+00:00,ETH-25DEC26-2800-P,2408.55,ETH-25DEC26,put,2800.0,2026-12-25T08:00:00+00:00,0.643585022765768,0.2995,0.3025,0.301568,0.301,2408.55,ETH-25DEC26,0.6151,-0.52326,7.69768,2206.0,0.0,0.0030000000000000027,ETH,2366.89,0.0
2026-05-04T06:20:01.285567+00:00,ETH-4MAY26-2250-P,2366.95,index_price,put,2250.0,2026-05-04T08:00:00+00:00,0.0001900877897241869,,0.0001,0.0,,,,0.9398000000000001,-4e-05,5e-05,1764.0,2340.0,,ETH,2366.89,2489.41
2026-05-04T06:20:01.285567+00:00,ETH-25DEC26-4400-P,2408.54,ETH-25DEC26,put,4400.0,2026-12-25T08:00:00+00:00,0.643585022765768,0.8275,0.979,0.863496,0.90325,2408.54,ETH-25DEC26,0.6227,-0.83047,4.88231,20.0,0.0,0.15149999999999997,ETH,2366.93,0.0
2026-05-04T06:20:01.285567+00:00,ETH-31JUL26-3600-P,2378.1553846153847,SYN.ETH-31JUL26,put,3600.0,2026-07-31T08:00:00+00:00,0.24112095705734912,0.5115,0.567,0.525644,0.53925,2378.1553846153847,SYN.ETH-31JUL26,0.5859000000000001,-0.90263,2.01049,0.0,0.0,0.055499999999999994,ETH,2366.93,0.0
2026-05-04T06:20:01.285567+00:00,ETH-31JUL26-4000-P,2378.1553846153847,SYN.ETH-31JUL26,put,4000.0,2026-07-31T08:00:00+00:00,0.24112095705734912,0.672,0.717,0.687948,0.6945,2378.1553846153847,SYN.ETH-31JUL26,0.5991,-0.94736,1.25503,0.0,0.0,0.04499999999999993,ETH,2366.93,0.0
2026-05-04T06:20:01.285567+00:00,ETH-25SEP26-3400-C,2388.19,ETH-25SEP26,call,3400.0,2026-09-25T08:00:00+00:00,0.3944406011367468,0.04,0.0415,0.040857,0.04075,2388.19,ETH-25SEP26,0.5954,0.22443,4.49334,6626.0,2.0,0.0015000000000000013,ETH,2366.93,200.74
2026-05-04T06:20:01.285567+00:00,ETH-25SEP26-4400-P,2388.21,ETH-25SEP26,put,4400.0,2026-09-25T08:00:00+00:00,0.3944406011367468,0.8395,0.867,0.854751,0.85325,2388.21,ETH-25SEP26,0.6129,-0.91839,2.26428,281.0,0.0,0.02749999999999997,ETH,2366.93,0.0
2026-05-04T06:20:01.285567+00:00,ETH-7MAY26-2350-C,2366.95,index_price,call,2350.0,2026-05-07T08:00:00+00:00,0.008403640151120492,0.021,0.022,0.021382,0.0215,,,0.4783,0.57364,0.85084,15.0,16.0,0.0009999999999999974,ETH,2366.93,504.5
2026-05-04T06:20:01.285567+00:00,ETH-25DEC26-7000-P,2408.55,ETH-25DEC26,put,7000.0,2026-12-25T08:00:00+00:00,0.643585022765768,1.835,1.9785,1.91312,1.90675,2408.55,ETH-25DEC26,0.6544,-0.96156,1.61252,0.0,0.0,0.14349999999999996,ETH,2366.92,0.0
2026-05-04T06:20:01.285567+00:00,ETH-7MAY26-2525-P,2366.95,index_price,put,2525.0,2026-05-07T08:00:00+00:00,0.008403640151120492,0.0275,0.1135,0.068414,0.0705,,,0.5134000000000001,-0.91152,0.34793,0.0,0.0,0.08600000000000001,ETH,2366.93,0.0
2026-05-04T06:20:01.285567+00:00,ETH-26MAR27-1800-C,2430.22,ETH-26MAR27,call,1800.0,2027-03-26T08:00:00+00:00,0.8927294443947892,0.3105,0.4325,0.363617,0.3715,2430.22,ETH-26MAR27,0.6512,0.78683,6.67812,100.0,3.0,0.122,ETH,2366.93,2493.73
2026-05-04T06:20:01.285567+00:00,ETH-4MAY26-2100-C,2366.95,index_price,call,2100.0,2026-05-04T08:00:00+00:00,0.0001900877897241869,0.0715,0.1505,0.112839,0.111,,,1.0558,1.0,0.0,0.0,0.0,0.079,ETH,2366.92,0.0
2026-05-04T06:20:01.285567+00:00,ETH-8MAY26-2250-C,2367.21,ETH-8MAY26,call,2250.0,2026-05-08T08:00:00+00:00,0.011141490938252592,0.0535,0.0565,0.054663,0.055,2367.21,ETH-8MAY26,0.5185,0.83019,0.63189,1058.0,28.0,0.0030000000000000027,ETH,2366.92,2623.16
2026-05-04T06:20:01.285567+00:00,ETH-26JUN26-5000-P,2371.65,ETH-26JUN26,put,5000.0,2026-06-26T08:00:00+00:00,0.14529617950772558,1.0175,1.2105,1.108428,1.114,2371.65,ETH-26JUN26,0.7038,-0.99592,0.10907,1676.0,0.0,0.19299999999999984,ETH,2366.92,0.0
2026-05-04T06:20:01.285567+00:00,ETH-26JUN26-2100-C,2371.79,ETH-26JUN26,call,2100.0,2026-06-26T08:00:00+00:00,0.14529617950772558,0.1515,0.1565,0.152409,0.154,2371.79,ETH-26JUN26,0.5793,0.74574,2.89941,1466.0,0.0,0.0050000000000000044,ETH,2366.92,0.0
2026-05-04T06:20:01.285567+00:00,ETH-26MAR27-2000-P,2430.22,ETH-26MAR27,put,2000.0,2027-03-26T08:00:00+00:00,0.8927294443947892,0.1385,0.1415,0.139957,0.14,2430.22,ETH-26MAR27,0.6435,-0.26617,7.54033,778.0,250.0,0.002999999999999975,ETH,2366.92,85541.78
2026-05-04T06:20:01.285567+00:00,ETH-22MAY26-2350-P,2368.555,SYN.ETH-22MAY26,put,2350.0,2026-05-22T08:00:00+00:00,0.049471401958102006,0.041,0.042,0.041607,0.0415,2368.555,SYN.ETH-22MAY26,0.5139,-0.45016,2.08571,210.0,75.0,0.0010000000000000009,ETH,2366.73,7296.3
2026-05-04T06:20:01.285567+00:00,ETH-25SEP26-2100-P,2388.21,ETH-25SEP26,put,2100.0,2026-09-25T08:00:00+00:00,0.3944406011367468,0.0895,0.091,0.090191,0.09025,2388.21,ETH-25SEP26,0.6095,-0.29907,5.20898,1699.0,0.0,0.0015000000000000013,ETH,2366.73,0.0
2026-05-04T06:20:01.285567+00:00,ETH-4MAY26-2425-P,2366.95,index_price,put,2425.0,2026-05-04T08:00:00+00:00,0.0001900877897241869,0.014,0.0725,0.024467,0.04325,,,0.6355,-0.99755,0.00245,0.0,0.0,0.058499999999999996,ETH,2366.73,0.0
2026-05-04T06:20:01.285567+00:00,ETH-26JUN26-6200-C,2371.65,ETH-26JUN26,call,6200.0,2026-06-26T08:00:00+00:00,0.14529617950772558,,0.0002,0.000174,,2371.65,ETH-26JUN26,0.8316,0.00204,0.05829,1322.0,0.0,,ETH,2366.73,0.0
2026-05-04T06:20:01.285567+00:00,ETH-5MAY26-2475-C,2366.95,index_price,call,2475.0,2026-05-05T08:00:00+00:00,0.002927938576856288,0.0008,0.0009,0.000844,0.00085,,,0.5426,0.06554,0.16331,148.0,21.0,9.999999999999994e-05,ETH,2366.73,76.43
2026-05-04T06:20:01.285567+00:00,ETH-26JUN26-500-P,2371.65,ETH-26JUN26,put,500.0,2026-06-26T08:00:00+00:00,0.14529617950772558,0.0001,0.0004,0.000107,0.00025,2371.65,ETH-26JUN26,1.3843,-0.00066,0.02068,18592.0,0.0,0.00030000000000000003,ETH,2366.73,0.0
2026-05-04T06:20:01.285567+00:00,ETH-26JUN26-1800-C,2371.79,ETH-26JUN26,call,1800.0,2026-06-26T08:00:00+00:00,0.14529617950772558,0.253,0.257,0.254346,0.255,2371.79,ETH-26JUN26,0.6342,0.89635,1.62884,743.0,0.0,0.0040000000000000036,ETH,2366.72,0.0
2026-05-04T06:20:01.285567+00:00,ETH-25SEP26-16000-P,2388.19,ETH-25SEP26,put,16000.0,2026-09-25T08:00:00+00:00,0.3944406011367468,5.4105,6.0165,5.699705,5.7135,2388.19,ETH-25SEP26,0.8776999999999999,-0.99925,0.03891,30.0,0.0,0.6059999999999999,ETH,2366.72,0.0
2026-05-04T06:20:01.285567+00:00,ETH-26MAR27-4500-P,2430.22,ETH-26MAR27,put,4500.0,2027-03-26T08:00:00+00:00,0.8927294443947892,0.8095,1.0495,0.91304,0.9295,2430.22,ETH-26MAR27,0.6302,-0.76933,6.98536,0.0,0.0,0.2400000000000001,ETH,2366.73,0.0
2026-05-04T06:20:01.285567+00:00,ETH-25SEP26-1600-C,2388.19,ETH-25SEP26,call,1600.0,2026-09-25T08:00:00+00:00,0.3944406011367468,0.357,0.36,0.359839,0.3585,2388.19,ETH-25SEP26,0.6604000000000001,0.87953,3.0094,1612.0,0.0,0.0030000000000000027,ETH,2366.72,0.0
2026-05-04T06:20:01.285567+00:00,ETH-26MAR27-3000-P,2430.22,ETH-26MAR27,put,3000.0,2027-03-26T08:00:00+00:00,0.8927294443947892,0.3885,0.399,0.392934,0.39375,2430.22,ETH-26MAR27,0.6262,-0.52395,9.14615,95.0,0.0,0.01050000000000001,ETH,2366.72,0.0
2026-05-04T06:20:01.285567+00:00,ETH-31JUL26-2750-P,2378.1553846153847,SYN.ETH-31JUL26,put,2750.0,2026-07-31T08:00:00+00:00,0.24112095705734912,0.2075,0.216,0.214625,0.21175,2378.1553846153847,SYN.ETH-31JUL26,0.5738,-0.6462,4.34307,0.0,0.0,0.008500000000000008,ETH,2366.58,0.0
2026-05-04T06:20:01.285567+00:00,ETH-4MAY26-2375-P,2366.95,index_price,put,2375.0,2026-05-04T08:00:00+00:00,0.0001900877897241869,0.0039,0.005,0.004483,0.00445,,,0.4537,-0.7135,0.10943,310.0,310.0,0.0011000000000000003,ETH,2366.72,4657.14
2026-05-04T06:20:01.285567+00:00,ETH-25DEC26-5200-P,2408.54,ETH-25DEC26,put,5200.0,2026-12-25T08:00:00+00:00,0.643585022765768,1.1595,1.2935,1.179527,1.2265,2408.54,ETH-25DEC26,0.6323,-0.89675,3.47164,0.0,0.0,0.13400000000000012,ETH,2366.58,0.0
2026-05-04T06:20:01.285567+00:00,ETH-26JUN26-2900-P,2371.79,ETH-26JUN26,put,2900.0,2026-06-26T08:00:00+00:00,0.14529617950772558,0.2195,0.255,0.244478,0.23725,2371.79,ETH-26JUN26,0.5589999999999999,-0.79884,2.5403,10.0,0.0,0.035500000000000004,ETH,2366.58,0.0
2026-05-04T06:20:01.285567+00:00,ETH-25DEC26-4800-C,2408.55,ETH-25DEC26,call,4800.0,2026-12-25T08:00:00+00:00,0.643585022765768,0.0265,0.028,0.027144,0.02725,2408.55,ETH-25DEC26,0.6268,0.13142,4.11903,1294.0,18.0,0.0015000000000000013,ETH,2366.58,1196.52
2026-05-04T06:20:01.285567+00:00,ETH-31JUL26-2750-C,2378.209230769231,SYN.ETH-31JUL26,call,2750.0,2026-07-31T08:00:00+00:00,0.24112095705734912,0.0575,0.0585,0.058197,0.058,2378.209230769231,SYN.ETH-31JUL26,0.5738,0.3538,4.34307,57.0,13.0,0.0010000000000000009,ETH,2366.58,1632.95
2026-05-04T06:20:01.285567+00:00,ETH-26JUN26-9000-P,2371.79,ETH-26JUN26,put,9000.0,2026-06-26T08:00:00+00:00,0.14529617950772558,2.6315,2.9745,2.794692,2.803,2371.79,ETH-26JUN26,1.0528,-0.9991,0.02762,2.0,0.0,0.34299999999999997,ETH,2366.58,0.0
2026-05-04T06:20:01.285567+00:00,ETH-31JUL26-3200-P,2378.1553846153847,SYN.ETH-31JUL26,put,3200.0,2026-07-31T08:00:00+00:00,0.24112095705734912,0.3585,0.427,0.370322,0.39275,2378.1553846153847,SYN.ETH-31JUL26,0.5756,-0.81833,3.0825,0.0,0.0,0.0685,ETH,2366.48,0.0
2026-05-04T06:20:01.285567+00:00,ETH-29MAY26-4200-P,2369.05,ETH-29MAY26,put,4200.0,2026-05-29T08:00:00+00:00,0.06863635746802672,0.6965,0.8575,0.77299,0.777,2369.05,ETH-29MAY26,0.738,-0.99791,0.04089,0.0,0.0,0.16100000000000003,ETH,2366.48,0.0
2026-05-04T06:20:01.285567+00:00,ETH-25DEC26-2700-P,2408.55,ETH-25DEC26,put,2700.0,2026-12-25T08:00:00+00:00,0.643585022765768,0.271,0.274,0.272895,0.2725,2408.55,ETH-25DEC26,0.6159,-0.49378,7.70848,181.0,0.0,0.0030000000000000027,ETH,2366.48,0.0
2026-05-04T06:20:01.285567+00:00,ETH-31JUL26-2800-P,2378.209230769231,SYN.ETH-31JUL26,put,2800.0,2026-07-31T08:00:00+00:00,0.24112095705734912,0.226,0.2565,0.230488,0.24125,2378.209230769231,SYN.ETH-31JUL26,0.5738,-0.66967,4.23151,0.0,0.0,0.0305,ETH,2366.48,0.0
2026-05-04T06:20:01.285567+00:00,ETH-25SEP26-7500-C,2388.19,ETH-25SEP26,call,7500.0,2026-09-25T08:00:00+00:00,0.3944406011367468,0.0005,0.0011,0.000745,0.0008,2388.19,ETH-25SEP26,0.6714,0.00616,0.26125,1328.0,0.0,0.0006000000000000001,ETH,2366.48,0.0
2026-05-04T06:20:01.285567+00:00,ETH-25SEP26-6800-P,2388.21,ETH-25SEP26,put,6800.0,2026-09-25T08:00:00+00:00,0.3944406011367468,1.725,1.9895,1.84867,1.85725,2388.21,ETH-25SEP26,0.6633,-0.98937,0.42172,0.0,0.0,0.26449999999999996,ETH,2366.48,0.0
2026-05-04T06:20:01.285567+00:00,ETH-31JUL26-2200-C,2378.1553846153847,SYN.ETH-31JUL26,call,2200.0,2026-07-31T08:00:00+00:00,0.24112095705734912,0.1505,0.155,0.151533,0.15275,2378.1553846153847,SYN.ETH-31JUL26,0.5859000000000001,0.66046,4.27711,100.0,0.0,0.004500000000000004,ETH,2366.46,0.0
2026-05-04T06:20:01.285567+00:00,ETH-31JUL26-2450-P,2378.1553846153847,SYN.ETH-31JUL26,put,2450.0,2026-07-31T08:00:00+00:00,0.24112095705734912,0.129,0.1305,0.129996,0.12975,2378.1553846153847,SYN.ETH-31JUL26,0.5761,-0.48581,4.65631,127.0,0.0,0.0015000000000000013,ETH,2366.46,0.0
2026-05-04T06:20:01.285567+00:00,ETH-4MAY26-2225-P,2366.95,index_price,put,2225.0,2026-05-04T08:00:00+00:00,0.0001900877897241869,,0.0001,0.0,,,,0.9528,0.0,0.0,622.0,251.0,,ETH,2366.46,116.86
2026-05-04T06:20:01.285567+00:00,ETH-6MAY26-2225-C,2366.95,index_price,call,2225.0,2026-05-06T08:00:00+00:00,0.005665789363988389,0.0555,0.069,0.061425,0.06225,,,0.5699000000000001,0.92764,0.24529,0.0,0.0,0.013500000000000005,ETH,2366.46,0.0
2026-05-04T06:20:01.285567+00:00,ETH-31JUL26-3000-P,2378.1553846153847,SYN.ETH-31JUL26,put,3000.0,2026-07-31T08:00:00+00:00,0.24112095705734912,0.288,0.3755,0.297802,0.33175,2378.1553846153847,SYN.ETH-31JUL26,0.5739,-0.75297,3.68777,0.0,0.0,0.08750000000000002,ETH,2366.46,0.0
2026-05-04T06:20:01.285567+00:00,ETH-25DEC26-7000-C,2408.55,ETH-25DEC26,call,7000.0,2026-12-25T08:00:00+00:00,0.643585022765768,0.006,0.007,0.006795,0.0065,2408.55,ETH-25DEC26,0.6544,0.03841,1.61108,2782.0,50.0,0.001,ETH,2366.45,830.94
2026-05-04T06:20:01.285567+00:00,ETH-29MAY26-1000-P,2369.05,ETH-29MAY26,put,1000.0,2026-05-29T08:00:00+00:00,0.06863635746802672,,0.0002,0.0001,,2369.05,ETH-29MAY26,1.1312,-0.00112,0.02315,4364.0,0.0,,ETH,2366.45,0.0
2026-05-04T06:20:01.285567+00:00,ETH-29MAY26-2000-P,2369.05,ETH-29MAY26,put,2000.0,2026-05-29T08:00:00+00:00,0.06863635746802672,0.009,0.01,0.009716,0.0095,2369.05,ETH-29MAY26,0.588,-0.12005,1.24202,10998.0,1072.0,0.0010000000000000009,ETH,2366.45,28880.16
2026-05-04T06:20:01.285567+00:00,ETH-29MAY26-4200-C,2369.05,ETH-29MAY26,call,4200.0,2026-05-29T08:00:00+00:00,0.06863635746802672,,0.0002,0.000113,,2369.05,ETH-29MAY26,0.738,0.00209,0.04089,1233.0,1.0,,ETH,2366.45,0.46
2026-05-04T06:20:01.285567+00:00,ETH-4MAY26-2400-C,2366.95,index_price,call,2400.0,2026-05-04T08:00:00+00:00,0.0001900877897241869,,0.0002,0.000103,,,,0.5577000000000001,0.03185,0.02298,968.0,1401.0,,ETH,2366.45,4540.67
2026-05-04T06:20:01.285567+00:00,ETH-25DEC26-1800-P,2408.55,ETH-25DEC26,put,1800.0,2026-12-25T08:00:00+00:00,0.643585022765768,0.0775,0.0795,0.078546,0.0785,2408.55,ETH-25DEC26,0.644,-0.20569,5.50151,2890.0,0.0,0.0020000000000000018,ETH,2366.45,0.0
2026-05-04T06:20:01.285567+00:00,ETH-7MAY26-2450-C,2366.95,index_price,call,2450.0,2026-05-07T08:00:00+00:00,0.008403640151120492,0.0055,0.006,0.005734,0.00575,,,0.4851,0.22425,0.6494,33.0,33.0,0.0005000000000000004,ETH,2366.45,536.67
2026-05-04T06:20:01.285567+00:00,ETH-25DEC26-5000-C,2408.54,ETH-25DEC26,call,5000.0,2026-12-25T08:00:00+00:00,0.643585022765768,0.023,0.0245,0.023553,0.02375,2408.54,ETH-25DEC26,0.6294,0.11627,3.78023,3552.0,1.0,0.0015000000000000013,ETH,2366.45,57.08
2026-05-04T06:20:01.285567+00:00,ETH-26MAR27-2900-P,2430.37,ETH-26MAR27,put,2900.0,2027-03-26T08:00:00+00:00,0.8927294443947892,0.359,0.3685,0.362962,0.36375,2430.37,ETH-26MAR27,0.6268,-0.50099,9.16154,0.0,0.0,0.009500000000000008,ETH,2366.45,0.0
2026-05-04T06:20:01.285567+00:00,ETH-7MAY26-2200-P,2366.95,index_price,put,2200.0,2026-05-07T08:00:00+00:00,0.008403640151120492,0.0016,0.0019,0.001745,0.00175,,,0.5637,-0.07532,0.30807,250.0,260.0,0.0002999999999999999,ETH,2366.45,2228.15
2026-05-04T06:20:01.285567+00:00,ETH-26JUN26-11000-C,2371.65,ETH-26JUN26,call,11000.0,2026-06-26T08:00:00+00:00,0.14529617950772558,,0.0001,1.3e-05,,2371.65,ETH-26JUN26,1.0534999999999999,0.00015,0.00516,1827.0,0.0,,ETH,2366.45,0.0
2026-05-04T06:20:01.285567+00:00,ETH-29MAY26-3800-C,2369.03,ETH-29MAY26,call,3800.0,2026-05-29T08:00:00+00:00,0.06863635746802672,,0.0003,0.00018,,2369.03,ETH-29MAY26,0.6505,0.0036,0.06685,4268.0,0.0,,ETH,2366.45,0.0
2026-05-04T06:20:01.285567+00:00,ETH-25SEP26-4500-C,2388.19,ETH-25SEP26,call,4500.0,2026-09-25T08:00:00+00:00,0.3944406011367468,0.0105,0.0115,0.011111,0.011,2388.19,ETH-25SEP26,0.6154999999999999,0.07416,2.10522,8343.0,2.0,0.0009999999999999992,ETH,2366.45,50.65
2026-05-04T06:20:01.285567+00:00,ETH-4MAY26-2125-P,2366.95,index_price,put,2125.0,2026-05-04T08:00:00+00:00,0.0001900877897241869,,0.0001,0.0,,,,1.0523,0.0,0.0,717.0,357.0,,ETH,2366.45,83.23
2026-05-04T06:20:01.285567+00:00,ETH-31JUL26-2100-C,2378.1553846153847,SYN.ETH-31JUL26,call,2100.0,2026-07-31T08:00:00+00:00,0.24112095705734912,0.174,0.18,0.177081,0.177,2378.1553846153847,SYN.ETH-31JUL26,0.5924,0.71635,3.95583,65.0,0.0,0.006000000000000005,ETH,2366.47,0.0
2026-05-04T06:20:01.285567+00:00,ETH-26MAR27-4400-P,2430.22,ETH-26MAR27,put,4400.0,2027-03-26T08:00:00+00:00,0.8927294443947892,0.773,1.0105,0.875549,0.89175,2430.22,ETH-26MAR27,0.6294,-0.75828,7.16684,0.0,0.0,0.23749999999999993,ETH,2366.45,0.0
2026-05-04T06:20:01.285567+00:00,ETH-31JUL26-2900-P,2378.1553846153847,SYN.ETH-31JUL26,put,2900.0,2026-07-31T08:00:00+00:00,0.24112095705734912,0.255,0.2685,0.263419,0.26175,2378.1553846153847,SYN.ETH-31JUL26,0.5738,-0.7136,3.97411,2.0,0.0,0.013500000000000012,ETH,2366.47,0.0
2026-05-04T06:20:01.285567+00:00,ETH-22MAY26-2200-C,2368.555,SYN.ETH-22MAY26,call,2200.0,2026-05-22T08:00:00+00:00,0.049471401958102006,0.0855,0.0955,0.089939,0.0905,2368.555,SYN.ETH-22MAY26,0.5361,0.75056,1.67213,52.0,52.0,0.009999999999999995,ETH,2366.47,11635.35
2026-05-04T06:20:01.285567+00:00,ETH-29MAY26-2650-P,2369.05,ETH-29MAY26,put,2650.0,2026-05-29T08:00:00+00:00,0.06863635746802672,0.127,0.166,0.135817,0.1465,2369.05,ETH-29MAY26,0.5274,-0.77129,1.87888,16.0,0.0,0.03900000000000001,ETH,2366.45,0.0
2026-05-04T06:20:01.285567+00:00,ETH-25SEP26-7000-C,2388.19,ETH-25SEP26,call,7000.0,2026-09-25T08:00:00+00:00,0.3944406011367468,0.0007,0.0015,0.00109,0.0011,2388.19,ETH-25SEP26,0.6633,0.00883,0.35841,2041.0,0.0,0.0008,ETH,2366.47,0.0
2026-05-04T06:20:01.285567+00:00,ETH-6MAY26-2150-P,2366.95,index_price,put,2150.0,2026-05-06T08:00:00+00:00,0.005665789363988389,0.0004,0.0006,0.000523,0.0005,,,0.6707,-0.02699,0.11099,467.0,77.0,0.00019999999999999993,ETH,2366.47,100.74
2026-05-04T06:20:01.285567+00:00,ETH-25SEP26-11000-P,2388.19,ETH-25SEP26,put,11000.0,2026-09-25T08:00:00+00:00,0.3944406011367468,3.4075,3.8255,3.606187,3.6165,2388.19,ETH-25SEP26,0.7665000000000001,-0.99831,0.0815,0.0,0.0,0.4179999999999997,ETH,2366.45,0.0
2026-05-04T06:20:01.285567+00:00,ETH-25SEP26-3300-P,2388.21,ETH-25SEP26,put,3300.0,2026-09-25T08:00:00+00:00,0.3944406011367468,0.3575,0.4605,0.428217,0.409,2388.21,ETH-25SEP26,0.5945,-0.75166,4.75003,2.0,0.0,0.10300000000000004,ETH,2366.45,0.0
2026-05-04T06:20:01.285567+00:00,ETH-26JUN26-2700-C,2371.65,ETH-26JUN26,call,2700.0,2026-06-26T08:00:00+00:00,0.14529617950772558,0.037,0.038,0.037514,0.0375,2371.65,ETH-26JUN26,0.5573,0.30683,3.17538,5489.0,75.0,0.0010000000000000009,ETH,2366.45,5878.65
2026-05-04T06:20:01.285567+00:00,ETH-26MAR27-1000-C,2430.22,ETH-26MAR27,call,1000.0,2027-03-26T08:00:00+00:00,0.8927294443947892,0.581,0.6485,0.609648,0.61475,2430.22,ETH-26MAR27,0.7422,0.94699,2.48134,0.0,0.0,0.0675,ETH,2366.45,0.0
2026-05-04T06:20:01.285567+00:00,ETH-26JUN26-13000-C,2371.79,ETH-26JUN26,call,13000.0,2026-06-26T08:00:00+00:00,0.14529617950772558,,0.0002,5e-06,,2371.79,ETH-26JUN26,1.0987,6e-05,0.00216,3260.0,0.0,,ETH,2366.45,0.0
2026-05-04T06:20:01.285567+00:00,ETH-26JUN26-15000-C,2371.65,ETH-26JUN26,call,15000.0,2026-06-26T08:00:00+00:00,0.14529617950772558,,0.0001,1e-06,,2371.65,ETH-26JUN26,1.1,1e-05,0.00056,2749.0,0.0,,ETH,2366.45,0.0
2026-05-04T06:20:01.285567+00:00,ETH-5MAY26-2400-P,2366.95,index_price,put,2400.0,2026-05-05T08:00:00+00:00,0.002927938576856288,0.018,0.02,0.018728,0.019,,,0.47950000000000004,-0.70193,0.44364,27.0,27.0,0.0020000000000000018,ETH,2366.45,950.11
2026-05-04T06:20:01.285567+00:00,ETH-25SEP26-8000-C,2388.19,ETH-25SEP26,call,8000.0,2026-09-25T08:00:00+00:00,0.3944406011367468,0.0004,0.0009,0.000585,0.00065,2388.19,ETH-25SEP26,0.6867,0.00484,0.2108,1108.0,0.0,0.0005,ETH,2366.44,0.0
2026-05-04T06:20:01.285567+00:00,ETH-26JUN26-10000-C,2371.65,ETH-26JUN26,call,10000.0,2026-06-26T08:00:00+00:00,0.14529617950772558,,0.0001,3.4e-05,,2371.65,ETH-26JUN26,1.0534999999999999,0.00036,0.01185,2001.0,0.0,,ETH,2366.44,0.0
2026-05-04T06:20:01.285567+00:00,ETH-26JUN26-5200-C,2371.79,ETH-26JUN26,call,5200.0,2026-06-26T08:00:00+00:00,0.14529617950772558,0.0002,0.0004,0.000279,0.0003,2371.79,ETH-26JUN26,0.7272,0.00354,0.09599,3132.0,4.0,0.0002,ETH,2366.44,2.79
2026-05-04T06:20:01.285567+00:00,ETH-25DEC26-6500-P,2408.55,ETH-25DEC26,put,6500.0,2026-12-25T08:00:00+00:00,0.643585022765768,1.6325,1.783,1.707628,1.70775,2408.55,ETH-25DEC26,0.6469,-0.95083,1.96658,0.0,0.0,0.15049999999999986,ETH,2366.44,0.0
2026-05-04T06:20:01.285567+00:00,ETH-29MAY26-2000-C,2369.05,ETH-29MAY26,call,2000.0,2026-05-29T08:00:00+00:00,0.06863635746802672,0.164,0.168,0.165488,0.166,2369.05,ETH-29MAY26,0.588,0.87998,1.24187,6830.0,0.0,0.0040000000000000036,ETH,2366.42,0.0
2026-05-04T06:20:01.285567+00:00,ETH-25SEP26-4200-P,2388.21,ETH-25SEP26,put,4200.0,2026-09-25T08:00:00+00:00,0.3944406011367468,0.7595,0.7855,0.774066,0.7725,2388.21,ETH-25SEP26,0.6081,-0.90098,2.61381,525.0,0.0,0.026000000000000023,ETH,2366.42,0.0
2026-05-04T06:20:01.285567+00:00,ETH-26MAR27-3600-C,2430.22,ETH-26MAR27,call,3600.0,2027-03-26T08:00:00+00:00,0.8927294443947892,0.105,0.1085,0.106644,0.10675,2430.22,ETH-26MAR27,0.6259,0.35612,8.55905,545.0,0.0,0.003500000000000003,ETH,2366.44,0.0
2026-05-04T06:20:01.285567+00:00,ETH-7MAY26-2300-C,2366.95,index_price,call,2300.0,2026-05-07T08:00:00+00:00,0.008403640151120492,0.031,0.041,0.035565,0.036,,,0.49310000000000004,0.74289,0.6996,101.0,101.0,0.010000000000000002,ETH,2366.42,6836.4
2026-05-04T06:20:01.285567+00:00,ETH-26JUN26-1700-C,2371.79,ETH-26JUN26,call,1700.0,2026-06-26T08:00:00+00:00,0.14529617950772558,0.2915,0.295,0.292432,0.29325,2371.79,ETH-26JUN26,0.6602,0.92616,1.26465,273.0,0.0,0.003500000000000003,ETH,2366.42,0.0
2026-05-04T06:20:01.285567+00:00,ETH-26MAR27-3400-P,2430.22,ETH-26MAR27,put,3400.0,2027-03-26T08:00:00+00:00,0.8927294443947892,0.5085,0.6415,0.520431,0.575,2430.22,ETH-26MAR27,0.6257,-0.60738,8.82754,3.0,0.0,0.133,ETH,2366.42,0.0
2026-05-04T06:20:01.285567+00:00,ETH-4MAY26-2300-C,2366.95,index_price,call,2300.0,2026-05-04T08:00:00+00:00,0.0001900877897241869,0.0255,0.0305,0.028371,0.028,,,0.8492000000000001,0.99331,0.00602,3274.0,2456.0,0.005000000000000001,ETH,2366.42,57995.29
2026-05-04T06:20:01.285567+00:00,ETH-26JUN26-3800-C,2371.79,ETH-26JUN26,call,3800.0,2026-06-26T08:00:00+00:00,0.14529617950772558,0.0021,0.0026,0.002286,0.00235,2371.79,ETH-26JUN26,0.6088,0.02772,0.57605,5937.0,0.0,0.0005,ETH,2366.42,0.0
2026-05-04T06:20:01.285567+00:00,ETH-26JUN26-2600-C,2371.79,ETH-26JUN26,call,2600.0,2026-06-26T08:00:00+00:00,0.14529617950772558,0.048,0.049,0.048675,0.0485,2371.79,ETH-26JUN26,0.5571,0.37165,3.41862,14766.0,12.0,0.0010000000000000009,ETH,2366.48,1431.72
2026-05-04T06:20:01.285567+00:00,ETH-31JUL26-3400-P,2378.1553846153847,SYN.ETH-31JUL26,put,3400.0,2026-07-31T08:00:00+00:00,0.24112095705734912,0.4335,0.486,0.44685,0.45975,2378.1553846153847,SYN.ETH-31JUL26,0.5814,-0.86647,2.51659,0.0,0.0,0.05249999999999999,ETH,2366.48,0.0
2026-05-04T06:20:01.285567+00:00,ETH-25DEC26-2600-C,2408.55,ETH-25DEC26,call,2600.0,2026-12-25T08:00:00+00:00,0.643585022765768,0.1645,0.167,0.165902,0.16575,2408.55,ETH-25DEC26,0.6169,0.53691,7.67657,1056.0,0.0,0.0025000000000000022,ETH,2366.48,0.0
2026-05-04T06:20:01.285567+00:00,ETH-31JUL26-2300-C,2378.1553846153847,SYN.ETH-31JUL26,call,2300.0,2026-07-31T08:00:00+00:00,0.24112095705734912,0.1275,0.13,0.128711,0.12875,2378.1553846153847,SYN.ETH-31JUL26,0.5807,0.60213,4.50555,50.0,0.0,0.0025000000000000022,ETH,2366.48,0.0
2026-05-04T06:20:01.285567+00:00,ETH-15MAY26-2800-C,2367.77,ETH-15MAY26,call,2800.0,2026-05-15T08:00:00+00:00,0.030306446448177298,0.0015,0.0018,0.001667,0.00165,2367.77,ETH-15MAY26,0.5492,0.04384,0.38256,504.0,68.0,0.0002999999999999999,ETH,2366.48,314.01
2026-05-04T06:20:01.285567+00:00,ETH-6MAY26-2250-C,2366.95,index_price,call,2250.0,2026-05-06T08:00:00+00:00,0.005665789363988389,0.046,0.0585,0.051502,0.05225,,,0.5409,0.8962,0.32116,25.0,25.0,0.012500000000000004,ETH,2366.48,3329.7
2026-05-04T06:20:01.285567+00:00,ETH-26JUN26-5400-C,2371.79,ETH-26JUN26,call,5400.0,2026-06-26T08:00:00+00:00,0.14529617950772558,0.0001,0.0003,0.00024,0.0002,2371.79,ETH-26JUN26,0.7469,0.003,0.08283,1475.0,0.0,0.00019999999999999998,ETH,2366.44,0.0
2026-05-04T06:20:01.285567+00:00,ETH-25DEC26-4200-C,2408.55,ETH-25DEC26,call,4200.0,2026-12-25T08:00:00+00:00,0.643585022765768,0.042,0.044,0.042881,0.043,2408.55,ETH-25DEC26,0.621,0.19297,5.2941,1765.0,0.0,0.001999999999999995,ETH,2366.44,0.0
2026-05-04T06:20:01.285567+00:00,ETH-29MAY26-2700-P,2369.05,ETH-29MAY26,put,2700.0,2026-05-29T08:00:00+00:00,0.06863635746802672,0.1445,0.1725,0.153421,0.1585,2369.05,ETH-29MAY26,0.5292,-0.80917,1.68893,40.0,0.0,0.027999999999999997,ETH,2366.44,0.0
2026-05-04T06:20:01.285567+00:00,ETH-25SEP26-8500-C,2388.21,ETH-25SEP26,call,8500.0,2026-09-25T08:00:00+00:00,0.3944406011367468,0.0003,0.0007,0.000461,0.0005,2388.21,ETH-25SEP26,0.7001000000000001,0.00383,0.17084,1252.0,0.0,0.0004,ETH,2366.44,0.0
2026-05-04T06:20:01.285567+00:00,ETH-26MAR27-5000-P,2430.22,ETH-26MAR27,put,5000.0,2027-03-26T08:00:00+00:00,0.8927294443947892,0.9945,1.246,1.103735,1.12025,2430.22,ETH-26MAR27,0.6341,-0.81713,6.08576,0.0,0.0,0.25149999999999995,ETH,2366.44,0.0
2026-05-04T06:20:01.285567+00:00,ETH-15MAY26-2350-C,2367.77,ETH-15MAY26,call,2350.0,2026-05-15T08:00:00+00:00,0.030306446448177298,0.038,0.039,0.038515,0.0385,2367.77,ETH-15MAY26,0.5006,0.55059,1.6312,7092.0,17.0,0.0010000000000000009,ETH,2366.44,1304.79
2026-05-04T06:20:01.285567+00:00,ETH-8MAY26-2800-P,2367.21,ETH-8MAY26,put,2800.0,2026-05-08T08:00:00+00:00,0.011141490938252592,0.171,0.2405,0.182934,0.20575,2367.21,ETH-8MAY26,0.6587000000000001,-0.9914,0.05833,0.0,0.0,0.06949999999999998,ETH,2366.44,0.0
2026-05-04T06:20:01.285567+00:00,ETH-29MAY26-2400-C,2369.05,ETH-29MAY26,call,2400.0,2026-05-29T08:00:00+00:00,0.06863635746802672,0.0485,0.0495,0.049157,0.049,2369.05,ETH-29MAY26,0.5273,0.48957,2.47551,10853.0,78.0,0.0010000000000000009,ETH,2366.45,8882.32
2026-05-04T06:20:01.285567+00:00,ETH-25SEP26-4500-P,2388.19,ETH-25SEP26,put,4500.0,2026-09-25T08:00:00+00:00,0.3944406011367468,0.834,0.915,0.895375,0.8745,2388.19,ETH-25SEP26,0.6154999999999999,-0.92585,2.1051,6.0,0.0,0.08100000000000007,ETH,2366.45,0.0
2026-05-04T06:20:01.285567+00:00,ETH-4MAY26-2350-C,2366.95,index_price,call,2350.0,2026-05-04T08:00:00+00:00,0.0001900877897241869,0.007,0.0085,0.007694,0.00775,,,0.4917,0.85269,0.07406,5031.0,2292.0,0.0015000000000000005,ETH,2366.45,18144.16
2026-05-04T06:20:01.285567+00:00,ETH-4MAY26-1900-P,2366.95,index_price,put,1900.0,2026-05-04T08:00:00+00:00,0.0001900877897241869,,0.0001,0.0,,,,1.0558,0.0,0.0,1308.0,0.0,,ETH,2366.45,0.0
2026-05-04T06:20:01.285567+00:00,ETH-8MAY26-3000-C,2367.21,ETH-8MAY26,call,3000.0,2026-05-08T08:00:00+00:00,0.011141490938252592,0.0001,0.0002,9.4e-05,0.00015,2367.21,ETH-8MAY26,0.8220999999999999,0.00359,0.02687,2210.0,5.0,0.0001,ETH,2366.45,1.16
2026-05-04T06:20:01.285567+00:00,ETH-26JUN26-12000-C,2371.65,ETH-26JUN26,call,12000.0,2026-06-26T08:00:00+00:00,0.14529617950772558,,0.0001,6e-06,,2371.65,ETH-26JUN26,1.0604,7e-05,0.00256,3618.0,0.0,,ETH,2366.45,0.0
2026-05-04T06:20:01.285567+00:00,ETH-26MAR27-4400-C,2430.22,ETH-26MAR27,call,4400.0,2027-03-26T08:00:00+00:00,0.8927294443947892,0.0635,0.0665,0.065125,0.065,2430.22,ETH-26MAR27,0.6294,0.24172,7.16682,2.0,0.0,0.0030000000000000027,ETH,2366.45,0.0
2026-05-04T06:20:01.285567+00:00,ETH-25DEC26-3000-P,2408.54,ETH-25DEC26,put,3000.0,2026-12-25T08:00:00+00:00,0.643585022765768,0.3545,0.366,0.362307,0.36025,2408.54,ETH-25DEC26,0.6147,-0.57884,7.55851,705.0,0.0,0.01150000000000001,ETH,2366.43,0.0
2026-05-04T06:20:01.285567+00:00,ETH-8MAY26-2100-P,2367.21,ETH-8MAY26,put,2100.0,2026-05-08T08:00:00+00:00,0.011141490938252592,0.0007,0.0009,0.000793,0.0008,2367.21,ETH-8MAY26,0.6173,-0.03093,0.17434,7662.0,1262.0,0.00019999999999999998,ETH,2366.43,4572.17
2026-05-04T06:20:01.285567+00:00,ETH-25SEP26-2500-P,2388.19,ETH-25SEP26,put,2500.0,2026-09-25T08:00:00+00:00,0.3944406011367468,0.1755,0.177,0.176581,0.17625,2388.19,ETH-25SEP26,0.5963,-0.47424,5.97199,3205.0,100.0,0.0015000000000000013,ETH,2366.43,42931.84
2026-05-04T06:20:01.285567+00:00,ETH-25SEP26-13000-C,2388.19,ETH-25SEP26,call,13000.0,2026-09-25T08:00:00+00:00,0.3944406011367468,,0.0005,0.000191,,2388.19,ETH-25SEP26,0.8331000000000001,0.00146,0.07139,1991.0,0.0,,ETH,2366.43,0.0
2026-05-04T06:20:01.285567+00:00,ETH-4MAY26-2450-P,2366.95,index_price,put,2450.0,2026-05-04T08:00:00+00:00,0.0001900877897241869,0.025,0.0835,0.035023,0.05425,,,0.7733,-0.99951,0.00056,0.0,0.0,0.0585,ETH,2366.43,0.0
2026-05-04T06:20:01.285567+00:00,ETH-5MAY26-2250-P,2366.95,index_price,put,2250.0,2026-05-05T08:00:00+00:00,0.002927938576856288,0.0006,0.0007,0.000667,0.00065,,,0.5783,-0.05166,0.13546,1079.0,966.0,0.00010000000000000005,ETH,2366.43,5036.3
2026-05-04T06:20:01.285567+00:00,ETH-25SEP26-7200-P,2388.19,ETH-25SEP26,put,7200.0,2026-09-25T08:00:00+00:00,0.3944406011367468,1.885,2.163,2.015714,2.024,2388.19,ETH-25SEP26,0.6633,-0.99267,0.30458,0.0,0.0,0.2779999999999998,ETH,2366.45,0.0
2026-05-04T06:20:01.285567+00:00,ETH-4MAY26-2150-C,2366.95,index_price,call,2150.0,2026-05-04T08:00:00+00:00,0.0001900877897241869,0.0825,0.1305,0.091716,0.1065,,,0.9675,1.0,0.0,1.0,0.0,0.048,ETH,2366.45,0.0
2026-05-04T06:20:01.285567+00:00,ETH-8MAY26-2300-P,2367.21,ETH-8MAY26,put,2300.0,2026-05-08T08:00:00+00:00,0.011141490938252592,0.009,0.01,0.009477,0.0095,2367.21,ETH-8MAY26,0.4979,-0.2842,0.84707,6494.0,569.0,0.0010000000000000009,ETH,2366.45,12535.88
2026-05-04T06:20:01.285567+00:00,ETH-26JUN26-3200-C,2371.79,ETH-26JUN26,call,3200.0,2026-06-26T08:00:00+00:00,0.14529617950772558,0.009,0.01,0.009698,0.0095,2371.79,ETH-26JUN26,0.5704,0.10209,1.61087,13317.0,6.0,0.0010000000000000009,ETH,2366.45,131.62
2026-05-04T06:20:01.285567+00:00,ETH-31JUL26-2650-C,2378.1553846153847,SYN.ETH-31JUL26,call,2650.0,2026-07-31T08:00:00+00:00,0.24112095705734912,0.069,0.0705,0.069856,0.06975,2378.1553846153847,SYN.ETH-31JUL26,0.5738,0.40359,4.52234,15.0,15.0,0.0014999999999999875,ETH,2366.62,2462.98
2026-05-04T06:20:01.285567+00:00,ETH-26JUN26-14000-C,2371.79,ETH-26JUN26,call,14000.0,2026-06-26T08:00:00+00:00,0.14529617950772558,,0.0001,2e-06,,2371.79,ETH-26JUN26,1.1,3e-05,0.0011,3614.0,0.0,,ETH,2366.45,0.0
2026-05-04T06:20:01.285567+00:00,ETH-26JUN26-1600-P,2371.65,ETH-26JUN26,put,1600.0,2026-06-26T08:00:00+00:00,0.14529617950772558,0.006,0.007,0.006455,0.0065,2371.65,ETH-26JUN26,0.6926000000000001,-0.05241,0.96812,6235.0,5.0,0.001,ETH,2366.62,81.46
2026-05-04T06:20:01.285567+00:00,ETH-25DEC26-4500-C,2408.54,ETH-25DEC26,call,4500.0,2026-12-25T08:00:00+00:00,0.643585022765768,0.033,0.035,0.033988,0.034,2408.54,ETH-25DEC26,0.6238,0.15899,4.6826,578.0,1.0,0.0020000000000000018,ETH,2366.62,82.16
2026-05-04T06:20:01.285567+00:00,ETH-26JUN26-3100-C,2371.65,ETH-26JUN26,call,3100.0,2026-06-26T08:00:00+00:00,0.14529617950772558,0.012,0.013,0.012647,0.0125,2371.65,ETH-26JUN26,0.5656,0.1283,1.89548,2250.0,14.0,0.0009999999999999992,ETH,2366.62,444.01
2026-05-04T06:20:01.285567+00:00,ETH-29MAY26-1000-C,2369.05,ETH-29MAY26,call,1000.0,2026-05-29T08:00:00+00:00,0.06863635746802672,0.575,0.581,0.577986,0.578,2369.05,ETH-29MAY26,1.1312,0.99888,0.02313,1.0,0.0,0.006000000000000005,ETH,2366.62,0.0
2026-05-04T06:20:01.285567+00:00,ETH-4MAY26-2500-P,2366.95,index_price,put,2500.0,2026-05-04T08:00:00+00:00,0.0001900877897241869,0.0455,0.1055,0.056144,0.0755,,,0.9543,-0.99999,2e-05,0.0,0.0,0.06,ETH,2366.62,0.0
2026-05-04T06:20:01.285567+00:00,ETH-26MAR27-2300-C,2430.22,ETH-26MAR27,call,2300.0,2027-03-26T08:00:00+00:00,0.8927294443947892,0.2525,0.26,0.257408,0.25625,2430.22,ETH-26MAR27,0.6352,0.65235,8.48564,135.0,0.0,0.007500000000000007,ETH,2366.62,0.0
2026-05-04T06:20:01.285567+00:00,ETH-25SEP26-6400-C,2388.19,ETH-25SEP26,call,6400.0,2026-09-25T08:00:00+00:00,0.3944406011367468,0.0017,0.0022,0.001862,0.00195,2388.19,ETH-25SEP26,0.6566,0.0145,0.55166,1913.0,0.0,0.0005000000000000002,ETH,2366.63,0.0
2026-05-04T06:20:01.285567+00:00,ETH-29MAY26-2450-P,2369.05,ETH-29MAY26,put,2450.0,2026-05-29T08:00:00+00:00,0.06863635746802672,0.0735,0.075,0.074581,0.07425,2369.05,ETH-29MAY26,0.5255,-0.56983,2.43848,2072.0,152.0,0.0015000000000000013,ETH,2366.62,28777.13
2026-05-04T06:20:01.285567+00:00,ETH-26MAR27-6000-C,2430.22,ETH-26MAR27,call,6000.0,2027-03-26T08:00:00+00:00,0.8927294443947892,0.027,0.029,0.02781,0.028,2430.22,ETH-26MAR27,0.6426000000000001,0.11811,4.54292,785.0,154.0,0.0020000000000000018,ETH,2366.63,9743.21
2026-05-04T06:20:01.285567+00:00,ETH-25DEC26-3500-P,2408.55,ETH-25DEC26,put,3500.0,2026-12-25T08:00:00+00:00,0.643585022765768,0.5185,0.5355,0.528881,0.527,2408.55,ETH-25DEC26,0.615,-0.69521,6.7678,3.0,0.0,0.017000000000000015,ETH,2366.68,0.0
2026-05-04T06:20:01.285567+00:00,ETH-4MAY26-2600-P,2366.95,index_price,put,2600.0,2026-05-04T08:00:00+00:00,0.0001900877897241869,0.051,0.1495,0.09839,0.10025,,,0.9575,-1.0,0.0,0.0,0.0,0.0985,ETH,2366.63,0.0
2026-05-04T06:20:01.285567+00:00,ETH-8MAY26-2150-P,2367.21,ETH-8MAY26,put,2150.0,2026-05-08T08:00:00+00:00,0.011141490938252592,0.0013,0.0016,0.001444,0.00145,2367.21,ETH-8MAY26,0.58,-0.05474,0.27689,7701.0,388.0,0.00030000000000000014,ETH,2366.63,1711.46
2026-05-04T06:20:01.285567+00:00,ETH-7MAY26-2450-P,2366.95,index_price,put,2450.0,2026-05-07T08:00:00+00:00,0.008403640151120492,0.0345,0.0455,0.040559,0.04,,,0.4851,-0.77508,0.65056,0.0,0.0,0.010999999999999996,ETH,2366.68,0.0
2026-05-04T06:20:01.285567+00:00,ETH-26MAR27-3500-P,2430.22,ETH-26MAR27,put,3500.0,2027-03-26T08:00:00+00:00,0.8927294443947892,0.463,0.6765,0.553881,0.56975,2430.22,ETH-26MAR27,0.6257,-0.62602,8.70113,2.0,0.0,0.21349999999999997,ETH,2366.63,0.0
2026-05-04T06:20:01.285567+00:00,ETH-25SEP26-3500-P,2388.19,ETH-25SEP26,put,3500.0,2026-09-25T08:00:00+00:00,0.3944406011367468,0.49,0.511,0.50152,0.5005,2388.19,ETH-25SEP26,0.5965,-0.79754,4.23093,1137.0,0.0,0.02100000000000002,ETH,2366.68,0.0
2026-05-04T06:20:01.285567+00:00,ETH-6MAY26-2475-C,2366.95,index_price,call,2475.0,2026-05-06T08:00:00+00:00,0.005665789363988389,0.0021,0.0024,0.00224,0.00225,,,0.5007,0.12132,0.35906,469.0,468.0,0.0002999999999999999,ETH,2366.68,1280.09
2026-05-04T06:20:01.285567+00:00,ETH-7MAY26-2500-P,2366.95,index_price,put,2500.0,2026-05-07T08:00:00+00:00,0.008403640151120492,0.0505,0.0765,0.05868,0.0635,,,0.5014,-0.87884,0.43695,0.0,0.0,0.025999999999999995,ETH,2366.68,0.0
2026-05-04T06:20:01.285567+00:00,ETH-25DEC26-5200-C,2408.54,ETH-25DEC26,call,5200.0,2026-12-25T08:00:00+00:00,0.643585022765768,0.02,0.0215,0.020543,0.02075,2408.54,ETH-25DEC26,0.6323,0.10327,3.47228,8532.0,2.0,0.0014999999999999979,ETH,2366.8,92.73
2026-05-04T06:20:01.285567+00:00,ETH-25SEP26-6500-C,2388.19,ETH-25SEP26,call,6500.0,2026-09-25T08:00:00+00:00,0.3944406011367468,0.0016,0.002,0.00173,0.0018,2388.19,ETH-25SEP26,0.6592,0.01352,0.51954,1329.0,5.0,0.00039999999999999996,ETH,2366.8,18.57
2026-05-04T06:20:01.285567+00:00,ETH-7MAY26-2525-C,2366.95,index_price,call,2525.0,2026-05-07T08:00:00+00:00,0.008403640151120492,0.0018,0.0021,0.00191,0.00195,,,0.5134000000000001,0.08833,0.34746,25.0,25.0,0.0002999999999999999,ETH,2366.8,121.65
2026-05-04T06:20:01.285567+00:00,ETH-29MAY26-2900-P,2369.05,ETH-29MAY26,put,2900.0,2026-05-29T08:00:00+00:00,0.06863635746802672,0.2185,0.244,0.229488,0.23125,2369.05,ETH-29MAY26,0.5396,-0.91306,0.98246,4.0,0.0,0.025499999999999995,ETH,2366.68,0.0
2026-05-04T06:20:01.285567+00:00,ETH-6MAY26-2425-C,2366.95,index_price,call,2425.0,2026-05-06T08:00:00+00:00,0.005665789363988389,0.005,0.006,0.005518,0.0055,,,0.4805,0.25669,0.57395,227.0,226.0,0.001,ETH,2366.8,3186.68
2026-05-04T06:20:01.285567+00:00,ETH-5MAY26-2100-P,2366.95,index_price,put,2100.0,2026-05-05T08:00:00+00:00,0.002927938576856288,,0.0001,8.2e-05,,,,0.8762000000000001,-0.00542,0.01987,284.0,208.0,,ETH,2366.8,48.54
2026-05-04T06:20:01.285567+00:00,ETH-5MAY26-2350-C,2366.95,index_price,call,2350.0,2026-05-05T08:00:00+00:00,0.002927938576856288,0.0135,0.015,0.014363,0.01425,,,0.47840000000000005,0.61342,0.48982,1288.0,915.0,0.0014999999999999996,ETH,2366.8,12429.18
2026-05-04T06:20:01.285567+00:00,ETH-26JUN26-1200-C,2371.79,ETH-26JUN26,call,1200.0,2026-06-26T08:00:00+00:00,0.14529617950772558,0.492,0.506,0.495574,0.499,2371.79,ETH-26JUN26,0.8545,0.9879,0.28454,38.0,0.0,0.014000000000000012,ETH,2366.79,0.0
2026-05-04T06:20:01.285567+00:00,ETH-29MAY26-1750-C,2369.05,ETH-29MAY26,call,1750.0,2026-05-29T08:00:00+00:00,0.06863635746802672,0.2595,0.2705,0.264099,0.265,2369.05,ETH-29MAY26,0.6801,0.96314,0.5005,96.0,0.0,0.01100000000000001,ETH,2366.8,0.0
2026-05-04T06:20:01.285567+00:00,ETH-31JUL26-2550-C,2378.1553846153847,SYN.ETH-31JUL26,call,2550.0,2026-07-31T08:00:00+00:00,0.24112095705734912,0.083,0.084,0.0836,0.0835,2378.1553846153847,SYN.ETH-31JUL26,0.5744,0.45751,4.63317,133.0,111.0,0.0010000000000000009,ETH,2366.79,22750.4
2026-05-04T06:20:01.285567+00:00,ETH-6MAY26-2500-P,2366.95,index_price,put,2500.0,2026-05-06T08:00:00+00:00,0.005665789363988389,0.049,0.0765,0.057585,0.06275,,,0.5167,-0.91747,0.27111,0.0,0.0,0.027499999999999997,ETH,2366.79,0.0
2026-05-04T06:20:01.285567+00:00,ETH-6MAY26-2350-C,2366.95,index_price,call,2350.0,2026-05-06T08:00:00+00:00,0.005665789363988389,0.018,0.019,0.018138,0.0185,,,0.4757,0.58567,0.69416,380.0,380.0,0.0010000000000000009,ETH,2366.79,8946.33
2026-05-04T06:20:01.285567+00:00,ETH-15MAY26-1800-C,2367.77,ETH-15MAY26,call,1800.0,2026-05-15T08:00:00+00:00,0.030306446448177298,0.235,0.254,0.2405,0.2445,2367.77,ETH-15MAY26,0.7462000000000001,0.98517,0.15463,3.0,0.0,0.019000000000000017,ETH,2366.79,0.0
2026-05-04T06:20:01.285567+00:00,ETH-25SEP26-8000-P,2388.19,ETH-25SEP26,put,8000.0,2026-09-25T08:00:00+00:00,0.3944406011367468,2.2055,2.512,2.350388,2.35875,2388.19,ETH-25SEP26,0.6867,-0.99515,0.21106,0.0,0.0,0.3065000000000002,ETH,2366.69,0.0
2026-05-04T06:20:01.285567+00:00,ETH-15MAY26-2600-C,2367.77,ETH-15MAY26,call,2600.0,2026-05-15T08:00:00+00:00,0.030306446448177298,0.0065,0.007,0.006749,0.00675,2367.77,ETH-15MAY26,0.5042,0.15319,0.97478,1738.0,112.0,0.0005000000000000004,ETH,2366.79,1309.7
2026-05-04T06:20:01.285567+00:00,ETH-25SEP26-6800-C,2388.21,ETH-25SEP26,call,6800.0,2026-09-25T08:00:00+00:00,0.3944406011367468,0.0011,0.0016,0.001337,0.00135,2388.21,ETH-25SEP26,0.6633,0.01064,0.42202,1465.0,0.0,0.0005,ETH,2366.69,0.0
2026-05-04T06:20:01.285567+00:00,ETH-25DEC26-4600-P,2408.55,ETH-25DEC26,put,4600.0,2026-12-25T08:00:00+00:00,0.643585022765768,0.9245,1.046,0.941386,0.98525,2408.55,ETH-25DEC26,0.6249,-0.85077,4.49094,0.0,0.0,0.12150000000000005,ETH,2366.69,0.0
2026-05-04T06:20:01.285567+00:00,ETH-25SEP26-3600-C,2388.19,ETH-25SEP26,call,3600.0,2026-09-25T08:00:00+00:00,0.3944406011367468,0.031,0.0325,0.031802,0.03175,2388.19,ETH-25SEP26,0.5982,0.18295,3.97706,2094.0,0.0,0.0015000000000000013,ETH,2366.69,0.0
2026-05-04T06:20:01.285567+00:00,ETH-7MAY26-2200-C,2366.95,index_price,call,2200.0,2026-05-07T08:00:00+00:00,0.008403640151120492,0.066,0.0805,0.072515,0.07325,,,0.5637,0.92497,0.30721,40.0,80.0,0.014499999999999999,ETH,2366.69,12076.81
2026-05-04T06:20:01.285567+00:00,ETH-25SEP26-4600-P,2388.21,ETH-25SEP26,put,4600.0,2026-09-25T08:00:00+00:00,0.3944406011367468,0.917,0.97,0.936045,0.9435,2388.21,ETH-25SEP26,0.6169,-0.9329,1.94957,38.0,0.0,0.052999999999999936,ETH,2366.59,0.0
2026-05-04T06:20:01.285567+00:00,ETH-29MAY26-2800-C,2369.05,ETH-29MAY26,call,2800.0,2026-05-29T08:00:00+00:00,0.06863635746802672,0.0085,0.009,0.008622,0.00875,2369.05,ETH-29MAY26,0.534,0.13032,1.31542,22062.0,299.0,0.0004999999999999987,ETH,2366.69,5157.58
2026-05-04T06:20:01.285567+00:00,ETH-4MAY26-2400-P,2366.95,index_price,put,2400.0,2026-05-04T08:00:00+00:00,0.0001900877897241869,0.005,0.062,0.014002,0.0335,,,0.5577000000000001,-0.96759,0.02332,27.0,29.0,0.057,ETH,2366.59,582.49
2026-05-04T06:20:01.285567+00:00,ETH-25SEP26-15000-P,2388.19,ETH-25SEP26,put,15000.0,2026-09-25T08:00:00+00:00,0.3944406011367468,5.01,5.579,5.281069,5.2945,2388.19,ETH-25SEP26,0.8923000000000001,-0.99864,0.06699,0.0,0.0,0.569,ETH,2366.59,0.0
2026-05-04T06:20:01.285567+00:00,ETH-25SEP26-12000-P,2388.19,ETH-25SEP26,put,12000.0,2026-09-25T08:00:00+00:00,0.3944406011367468,3.808,4.263,4.024814,4.0355,2388.19,ETH-25SEP26,0.7665000000000001,-0.99907,0.04726,0.0,0.0,0.45500000000000007,ETH,2366.59,0.0
2026-05-04T06:20:01.285567+00:00,ETH-6MAY26-2450-C,2366.95,index_price,call,2450.0,2026-05-06T08:00:00+00:00,0.005665789363988389,0.0034,0.0037,0.003533,0.00355,,,0.48950000000000005,0.17837,0.46469,81.0,108.0,0.00030000000000000035,ETH,2366.59,761.49
2026-05-04T06:20:01.285567+00:00,ETH-6MAY26-2300-C,2366.95,index_price,call,2300.0,2026-05-06T08:00:00+00:00,0.005665789363988389,0.028,0.039,0.033083,0.0335,,,0.49920000000000003,0.78185,0.52482,16.0,17.0,0.011,ETH,2366.59,1228.27
2026-05-04T06:20:01.285567+00:00,ETH-31JUL26-2150-C,2378.1553846153847,SYN.ETH-31JUL26,call,2150.0,2026-07-31T08:00:00+00:00,0.24112095705734912,0.1625,0.1675,0.163979,0.165,2378.1553846153847,SYN.ETH-31JUL26,0.589,0.68892,4.12688,52.0,0.0,0.0050000000000000044,ETH,2366.7,0.0
2026-05-04T06:20:01.285567+00:00,ETH-5MAY26-2275-P,2366.95,index_price,put,2275.0,2026-05-05T08:00:00+00:00,0.002927938576856288,0.001,0.0013,0.001146,0.00115,,,0.5409,-0.08625,0.20133,4030.0,836.0,0.0002999999999999999,ETH,2366.59,4809.2
2026-05-04T06:20:01.285567+00:00,ETH-25DEC26-3000-C,2408.54,ETH-25DEC26,call,3000.0,2026-12-25T08:00:00+00:00,0.643585022765768,0.1155,0.1175,0.116739,0.1165,2408.54,ETH-25DEC26,0.6147,0.42122,7.55926,1713.0,0.0,0.001999999999999988,ETH,2366.7,0.0
2026-05-04T06:20:01.285567+00:00,ETH-5MAY26-2100-C,2366.95,index_price,call,2100.0,2026-05-05T08:00:00+00:00,0.002927938576856288,0.107,0.121,0.113018,0.114,,,0.8762000000000001,0.99457,0.01992,0.0,0.0,0.013999999999999999,ETH,2366.7,0.0
2026-05-04T06:20:01.285567+00:00,ETH-25DEC26-4200-P,2408.55,ETH-25DEC26,put,4200.0,2026-12-25T08:00:00+00:00,0.643585022765768,0.701,0.897,0.786676,0.799,2408.55,ETH-25DEC26,0.621,-0.80696,5.29604,61.0,0.0,0.19600000000000006,ETH,2366.72,0.0
2026-05-04T06:20:01.285567+00:00,ETH-26MAR27-2100-C,2430.37,ETH-26MAR27,call,2100.0,2027-03-26T08:00:00+00:00,0.8927294443947892,0.2375,0.372,0.29582,0.30475,2430.37,ETH-26MAR27,0.6403,0.70666,7.90342,57.0,0.0,0.1345,ETH,2366.7,0.0
2026-05-04T06:20:01.285567+00:00,ETH-31JUL26-3200-C,2378.1553846153847,SYN.ETH-31JUL26,call,3200.0,2026-07-31T08:00:00+00:00,0.24112095705734912,0.0245,0.025,0.02466,0.02475,2378.1553846153847,SYN.ETH-31JUL26,0.5756,0.18165,3.08223,3632.0,61.0,0.0005000000000000004,ETH,2366.72,3588.42
2026-05-04T06:20:01.285567+00:00,ETH-25DEC26-2200-P,2408.54,ETH-25DEC26,put,2200.0,2026-12-25T08:00:00+00:00,0.643585022765768,0.148,0.15,0.148891,0.149,2408.54,ETH-25DEC26,0.6241,-0.3332,7.0263,4456.0,1.0,0.0020000000000000018,ETH,2366.72,350.61
2026-05-04T06:20:01.285567+00:00,ETH-31JUL26-2350-C,2378.1553846153847,SYN.ETH-31JUL26,call,2350.0,2026-07-31T08:00:00+00:00,0.24112095705734912,0.1175,0.119,0.118315,0.11825,2378.1553846153847,SYN.ETH-31JUL26,0.5786,0.57275,4.58176,1551.0,1.0,0.0015000000000000013,ETH,2366.72,251.53
2026-05-04T06:20:01.285567+00:00,ETH-6MAY26-2325-C,2366.95,index_price,call,2325.0,2026-05-06T08:00:00+00:00,0.005665789363988389,0.024,0.0305,0.02506,0.02725,,,0.4857,0.69322,0.62552,144.0,121.0,0.006499999999999999,ETH,2366.72,3574.67
2026-05-04T06:20:01.285567+00:00,ETH-25SEP26-1500-C,2388.19,ETH-25SEP26,call,1500.0,2026-09-25T08:00:00+00:00,0.3944406011367468,0.3925,0.3995,0.395063,0.396,2388.19,ETH-25SEP26,0.6776000000000001,0.90409,2.55367,338.0,0.0,0.007000000000000006,ETH,2366.72,0.0
2026-05-04T06:20:01.285567+00:00,ETH-31JUL26-2500-P,2378.1553846153847,SYN.ETH-31JUL26,put,2500.0,2026-07-31T08:00:00+00:00,0.24112095705734912,0.142,0.1435,0.142644,0.14275,2378.1553846153847,SYN.ETH-31JUL26,0.5751,-0.51439,4.65664,215.0,52.0,0.0015000000000000013,ETH,2366.74,18109.94
2026-05-04T06:20:01.285567+00:00,ETH-5MAY26-2375-C,2366.95,index_price,call,2375.0,2026-05-05T08:00:00+00:00,0.002927938576856288,0.008,0.009,0.008764,0.0085,,,0.4765,0.45118,0.50675,329.0,403.0,0.0009999999999999992,ETH,2366.72,4276.35
2026-05-04T06:20:01.285567+00:00,ETH-5MAY26-2475-P,2366.95,index_price,put,2475.0,2026-05-05T08:00:00+00:00,0.002927938576856288,0.0375,0.0655,0.046317,0.0515,,,0.5426,-0.93446,0.16332,0.0,0.0,0.028000000000000004,ETH,2366.72,0.0
2026-05-04T06:20:01.285567+00:00,ETH-26JUN26-2800-P,2371.79,ETH-26JUN26,put,2800.0,2026-06-26T08:00:00+00:00,0.14529617950772558,0.203,0.213,0.209166,0.208,2371.79,ETH-26JUN26,0.5575,-0.75016,2.87261,6026.0,1.0,0.009999999999999981,ETH,2366.74,493.25
2026-05-04T06:20:01.285567+00:00,ETH-31JUL26-3000-C,2378.1553846153847,SYN.ETH-31JUL26,call,3000.0,2026-07-31T08:00:00+00:00,0.24112095705734912,0.0355,0.0365,0.036244,0.036,2378.1553846153847,SYN.ETH-31JUL26,0.5739,0.24707,3.68825,341.0,68.0,0.0010000000000000009,ETH,2366.74,5977.82
2026-05-04T06:20:01.285567+00:00,ETH-25DEC26-2100-C,2408.54,ETH-25DEC26,call,2100.0,2026-12-25T08:00:00+00:00,0.643585022765768,0.255,0.2595,0.256999,0.25725,2408.54,ETH-25DEC26,0.6282,0.69981,6.72194,676.0,0.0,0.004500000000000004,ETH,2366.72,0.0
2026-05-04T06:20:01.285567+00:00,ETH-26JUN26-4600-C,2371.79,ETH-26JUN26,call,4600.0,2026-06-26T08:00:00+00:00,0.14529617950772558,0.0003,0.0007,0.000456,0.0005,2371.79,ETH-26JUN26,0.6594,0.00605,0.15496,4992.0,0.0,0.0004,ETH,2366.74,0.0
2026-05-04T06:20:01.285567+00:00,ETH-31JUL26-2900-C,2378.1553846153847,SYN.ETH-31JUL26,call,2900.0,2026-07-31T08:00:00+00:00,0.24112095705734912,0.043,0.0445,0.043913,0.04375,2378.1553846153847,SYN.ETH-31JUL26,0.5738,0.28658,3.97586,717.0,0.0,0.0015000000000000013,ETH,2366.72,0.0
2026-05-04T06:20:01.285567+00:00,ETH-22MAY26-2250-P,2368.555,SYN.ETH-22MAY26,put,2250.0,2026-05-22T08:00:00+00:00,0.049471401958102006,0.0245,0.025,0.024753,0.02475,2368.555,SYN.ETH-22MAY26,0.5257000000000001,-0.30995,1.85866,179.0,26.0,0.0005000000000000004,ETH,2366.72,1891.9
2026-05-04T06:20:01.285567+00:00,ETH-26JUN26-1000-C,2371.65,ETH-26JUN26,call,1000.0,2026-06-26T08:00:00+00:00,0.14529617950772558,0.5785,0.5805,0.5791,0.5795,2371.65,ETH-26JUN26,0.9604,0.99448,0.14278,515.0,0.0,0.0020000000000000018,ETH,2366.72,0.0
2026-05-04T06:20:01.285567+00:00,ETH-6MAY26-2275-C,2366.95,index_price,call,2275.0,2026-05-06T08:00:00+00:00,0.005665789363988389,0.037,0.0485,0.041999,0.04275,,,0.5183,0.84908,0.41699,0.0,0.0,0.011500000000000003,ETH,2366.72,0.0
2026-05-04T06:20:01.285567+00:00,ETH-26MAR27-4800-C,2430.22,ETH-26MAR27,call,4800.0,2027-03-26T08:00:00+00:00,0.8927294443947892,0.0505,0.0535,0.051841,0.052,2430.22,ETH-26MAR27,0.6325,0.20051,6.43992,1.0,1.0,0.0029999999999999957,ETH,2366.72,122.27
2026-05-04T06:20:01.285567+00:00,ETH-25SEP26-3100-C,2388.19,ETH-25SEP26,call,3100.0,2026-09-25T08:00:00+00:00,0.3944406011367468,0.0595,0.0605,0.060264,0.06,2388.19,ETH-25SEP26,0.594,0.30412,5.2484,1299.0,0.0,0.0010000000000000009,ETH,2366.72,0.0
2026-05-04T06:20:01.285567+00:00,ETH-26JUN26-4000-C,2371.79,ETH-26JUN26,call,4000.0,2026-06-26T08:00:00+00:00,0.14529617950772558,0.0013,0.0018,0.00151,0.00155,2371.79,ETH-26JUN26,0.6236999999999999,0.0188,0.4154,12239.0,5.0,0.0005,ETH,2366.7,17.5
2026-05-04T06:20:01.285567+00:00,ETH-25SEP26-1600-P,2388.19,ETH-25SEP26,put,1600.0,2026-09-25T08:00:00+00:00,0.3944406011367468,0.029,0.0305,0.0298,0.02975,2388.19,ETH-25SEP26,0.6604000000000001,-0.12046,3.00927,2649.0,30.0,0.0014999999999999979,ETH,2366.7,2081.4
2026-05-04T06:20:01.285567+00:00,ETH-25DEC26-3300-C,2408.55,ETH-25DEC26,call,3300.0,2026-12-25T08:00:00+00:00,0.643585022765768,0.0885,0.0905,0.09002,0.0895,2408.55,ETH-25DEC26,0.6149,0.34769,7.14126,915.0,0.0,0.0020000000000000018,ETH,2366.7,0.0
2026-05-04T06:20:01.285567+00:00,ETH-22MAY26-2150-P,2368.615,SYN.ETH-22MAY26,put,2150.0,2026-05-22T08:00:00+00:00,0.049471401958102006,0.0135,0.0145,0.01414,0.014,2368.615,SYN.ETH-22MAY26,0.5487,-0.19689,1.46119,339.0,285.0,0.0010000000000000009,ETH,2366.7,9228.84
2026-05-04T06:20:01.285567+00:00,ETH-26JUN26-2100-P,2371.79,ETH-26JUN26,put,2100.0,2026-06-26T08:00:00+00:00,0.14529617950772558,0.037,0.0385,0.037817,0.03775,2371.79,ETH-26JUN26,0.5793,-0.25433,2.89968,2796.0,1.0,0.0015000000000000013,ETH,2366.7,101.97
2026-05-04T06:20:01.285567+00:00,ETH-31JUL26-1600-C,2378.1553846153847,SYN.ETH-31JUL26,call,1600.0,2026-07-31T08:00:00+00:00,0.24112095705734912,0.3375,0.3465,0.341727,0.342,2378.1553846153847,SYN.ETH-31JUL26,0.6657,0.91546,1.81018,2.0,0.0,0.008999999999999952,ETH,2366.54,0.0
2026-05-04T06:20:01.285567+00:00,ETH-6MAY26-2550-C,2366.95,index_price,call,2550.0,2026-05-06T08:00:00+00:00,0.005665789363988389,0.0006,0.0008,0.000704,0.0007,,,0.5636,0.04115,0.15706,1.0,1.0,0.0002000000000000001,ETH,2366.7,2.13
2026-05-04T06:20:01.285567+00:00,ETH-25DEC26-1200-C,2408.55,ETH-25DEC26,call,1200.0,2026-12-25T08:00:00+00:00,0.643585022765768,0.521,0.527,0.523683,0.524,2408.55,ETH-25DEC26,0.7193,0.93259,2.52051,290.0,0.0,0.006000000000000005,ETH,2366.54,0.0
2026-05-04T06:20:01.285567+00:00,ETH-25DEC26-3500-C,2408.55,ETH-25DEC26,call,3500.0,2026-12-25T08:00:00+00:00,0.643585022765768,0.0745,0.0765,0.075719,0.0755,2408.55,ETH-25DEC26,0.615,0.30473,6.76658,23054.0,0.0,0.0020000000000000018,ETH,2366.54,0.0
2026-05-04T06:20:01.285567+00:00,ETH-15MAY26-2150-P,2367.77,ETH-15MAY26,put,2150.0,2026-05-15T08:00:00+00:00,0.030306446448177298,0.0065,0.0075,0.007113,0.007,2367.77,ETH-15MAY26,0.5404,-0.14208,0.92681,2379.0,445.0,0.001,ETH,2366.7,10004.13
2026-05-04T06:20:01.285567+00:00,ETH-8MAY26-2100-C,2367.21,ETH-8MAY26,call,2100.0,2026-05-08T08:00:00+00:00,0.011141490938252592,0.1075,0.1215,0.11374,0.1145,2367.21,ETH-8MAY26,0.6173,0.96913,0.17407,24.0,0.0,0.013999999999999999,ETH,2366.54,0.0
2026-05-04T06:20:01.285567+00:00,ETH-26MAR27-2500-P,2430.22,ETH-26MAR27,put,2500.0,2027-03-26T08:00:00+00:00,0.8927294443947892,0.25,0.255,0.252275,0.2525,2430.22,ETH-26MAR27,0.6307,-0.40119,8.87949,31.0,0.0,0.0050000000000000044,ETH,2366.54,0.0
2026-05-04T06:20:01.285567+00:00,ETH-26JUN26-7000-C,2371.65,ETH-26JUN26,call,7000.0,2026-06-26T08:00:00+00:00,0.14529617950772558,,0.0001,0.000167,,2371.65,ETH-26JUN26,0.9198999999999999,0.0018,0.05216,6274.0,40.0,,ETH,2366.54,9.42
2026-05-04T06:20:01.285567+00:00,ETH-7MAY26-2600-P,2366.95,index_price,put,2600.0,2026-05-07T08:00:00+00:00,0.008403640151120492,0.0885,0.11,0.098943,0.09925,,,0.5654,-0.96323,0.17456,0.0,0.0,0.021500000000000005,ETH,2366.54,0.0
2026-05-04T06:20:01.285567+00:00,ETH-25DEC26-1200-P,2408.55,ETH-25DEC26,put,1200.0,2026-12-25T08:00:00+00:00,0.643585022765768,0.021,0.0225,0.021911,0.02175,2408.55,ETH-25DEC26,0.7193,-0.06741,2.52046,2121.0,0.0,0.0014999999999999979,ETH,2366.58,0.0
2026-05-04T06:20:01.285567+00:00,ETH-26JUN26-6000-P,2371.79,ETH-26JUN26,put,6000.0,2026-06-26T08:00:00+00:00,0.14529617950772558,1.421,1.651,1.52991,1.536,2371.79,ETH-26JUN26,0.8070999999999999,-0.9979,0.05994,5.0,0.0,0.22999999999999998,ETH,2366.58,0.0
2026-05-04T06:20:01.285567+00:00,ETH-6MAY26-2500-C,2366.95,index_price,call,2500.0,2026-05-06T08:00:00+00:00,0.005665789363988389,0.0014,0.0016,0.001451,0.0015,,,0.5167,0.08219,0.27024,276.0,275.0,0.0002000000000000001,ETH,2366.58,1261.1
2026-05-04T06:20:01.285567+00:00,ETH-25SEP26-4400-C,2388.19,ETH-25SEP26,call,4400.0,2026-09-25T08:00:00+00:00,0.3944406011367468,0.012,0.013,0.012359,0.0125,2388.19,ETH-25SEP26,0.6129,0.08156,2.26304,3359.0,1.0,0.0009999999999999992,ETH,2366.58,31.0
2026-05-04T06:20:01.285567+00:00,ETH-29MAY26-2450-C,2369.05,ETH-29MAY26,call,2450.0,2026-05-29T08:00:00+00:00,0.06863635746802672,0.04,0.041,0.040402,0.0405,2369.05,ETH-29MAY26,0.5255,0.42996,2.43806,7805.0,102.0,0.0010000000000000009,ETH,2366.58,10020.85
2026-05-04T06:20:01.285567+00:00,ETH-4MAY26-2350-P,2366.95,index_price,put,2350.0,2026-05-04T08:00:00+00:00,0.0001900877897241869,0.0003,0.0006,0.00047,0.00045,,,0.4917,-0.14539,0.07341,730.0,884.0,0.0003,ETH,2366.58,2845.61
2026-05-04T06:20:01.285567+00:00,ETH-29MAY26-1800-C,2369.05,ETH-29MAY26,call,1800.0,2026-05-29T08:00:00+00:00,0.06863635746802672,0.241,0.247,0.243716,0.244,2369.05,ETH-29MAY26,0.6572,0.95353,0.60374,71.0,50.0,0.006000000000000005,ETH,2366.58,30000.52
2026-05-04T06:20:01.285567+00:00,ETH-26JUN26-1800-P,2371.65,ETH-26JUN26,put,1800.0,2026-06-26T08:00:00+00:00,0.14529617950772558,0.0125,0.0135,0.013266,0.013,2371.65,ETH-26JUN26,0.6342,-0.10366,1.62885,5463.0,70.0,0.0009999999999999992,ETH,2366.46,2573.75
2026-05-04T06:20:01.285567+00:00,ETH-5MAY26-2150-P,2366.95,index_price,put,2150.0,2026-05-05T08:00:00+00:00,0.002927938576856288,0.0001,0.0002,0.00017,0.00015,,,0.7901,-0.01167,0.03901,124.0,59.0,0.0001,ETH,2366.46,18.14
2026-05-04T06:20:01.285567+00:00,ETH-29MAY26-3600-P,2369.05,ETH-29MAY26,put,3600.0,2026-05-29T08:00:00+00:00,0.06863635746802672,0.4545,0.5935,0.519921,0.524,2369.05,ETH-29MAY26,0.6191,-0.99377,0.10904,17.0,0.0,0.139,ETH,2366.46,0.0
2026-05-04T06:20:01.285567+00:00,ETH-4MAY26-2325-C,2366.95,index_price,call,2325.0,2026-05-04T08:00:00+00:00,0.0001900877897241869,0.015,0.0205,0.017901,0.01775,,,0.7078,0.96733,0.02347,2005.0,1154.0,0.005500000000000001,ETH,2366.46,13656.48
2026-05-04T06:20:01.285567+00:00,ETH-29MAY26-2050-P,2369.03,ETH-29MAY26,put,2050.0,2026-05-29T08:00:00+00:00,0.06863635746802672,0.012,0.013,0.012517,0.0125,2369.03,ETH-29MAY26,0.574,-0.1503,1.44911,3826.0,24.0,0.0009999999999999992,ETH,2366.46,914.62
2026-05-04T06:20:01.285567+00:00,ETH-25DEC26-2700-C,2408.55,ETH-25DEC26,call,2700.0,2026-12-25T08:00:00+00:00,0.643585022765768,0.1505,0.153,0.151884,0.15175,2408.55,ETH-25DEC26,0.6159,0.50616,7.70793,1491.0,0.0,0.0025000000000000022,ETH,2366.34,0.0
2026-05-04T06:20:01.285567+00:00,ETH-25SEP26-2000-C,2388.21,ETH-25SEP26,call,2000.0,2026-09-25T08:00:00+00:00,0.3944406011367468,0.2335,0.24,0.236594,0.23675,2388.21,ETH-25SEP26,0.6161,0.74253,4.84097,3289.0,0.0,0.006499999999999978,ETH,2366.34,0.0
2026-05-04T06:20:01.285567+00:00,ETH-25DEC26-4500-P,2408.55,ETH-25DEC26,put,4500.0,2026-12-25T08:00:00+00:00,0.643585022765768,0.8285,1.0105,0.902339,0.9195,2408.55,ETH-25DEC26,0.6238,-0.84105,4.68127,0.0,0.0,0.18199999999999994,ETH,2366.34,0.0
2026-05-04T06:20:01.285567+00:00,ETH-7MAY26-2550-P,2366.95,index_price,put,2550.0,2026-05-07T08:00:00+00:00,0.008403640151120492,0.069,0.089,0.07845,0.079,,,0.5301,-0.93498,0.27512,0.0,0.0,0.01999999999999999,ETH,2366.34,0.0
2026-05-04T06:20:01.285567+00:00,ETH-26JUN26-7500-C,2371.65,ETH-26JUN26,call,7500.0,2026-06-26T08:00:00+00:00,0.14529617950772558,,0.0002,8.9e-05,,2371.65,ETH-26JUN26,0.9242,0.001,0.03033,1385.0,0.0,,ETH,2366.34,0.0
2026-05-04T06:20:01.285567+00:00,ETH-25DEC26-2900-P,2408.55,ETH-25DEC26,put,2900.0,2026-12-25T08:00:00+00:00,0.643585022765768,0.327,0.333,0.331408,0.33,2408.55,ETH-25DEC26,0.6147,-0.55185,7.64368,164.0,0.0,0.006000000000000005,ETH,2366.37,0.0
2026-05-04T06:20:01.285567+00:00,ETH-5MAY26-2175-P,2366.95,index_price,put,2175.0,2026-05-05T08:00:00+00:00,0.002927938576856288,0.0001,0.0003,0.000193,0.0002,,,0.7190000000000001,-0.0143,0.04652,220.0,89.0,0.00019999999999999998,ETH,2366.34,60.07
2026-05-04T06:20:01.285567+00:00,ETH-25DEC26-4800-P,2408.55,ETH-25DEC26,put,4800.0,2026-12-25T08:00:00+00:00,0.643585022765768,1.002,1.138,1.020052,1.07,2408.55,ETH-25DEC26,0.6268,-0.86862,4.11773,77.0,0.0,0.1359999999999999,ETH,2366.37,0.0
2026-05-04T06:20:01.285567+00:00,ETH-31JUL26-2000-C,2378.1553846153847,SYN.ETH-31JUL26,call,2000.0,2026-07-31T08:00:00+00:00,0.24112095705734912,0.2015,0.21,0.205417,0.20575,2378.1553846153847,SYN.ETH-31JUL26,0.6013000000000001,0.76823,3.56125,0.0,0.0,0.00849999999999998,ETH,2366.34,0.0
2026-05-04T06:20:01.285567+00:00,ETH-29MAY26-2900-C,2369.03,ETH-29MAY26,call,2900.0,2026-05-29T08:00:00+00:00,0.06863635746802672,0.005,0.006,0.005358,0.0055,2369.03,ETH-29MAY26,0.5396,0.08674,0.98052,7530.0,82.0,0.001,ETH,2366.34,840.17
2026-05-04T06:20:01.285567+00:00,ETH-25DEC26-5000-P,2408.55,ETH-25DEC26,put,5000.0,2026-12-25T08:00:00+00:00,0.643585022765768,1.0805,1.226,1.099499,1.15325,2408.55,ETH-25DEC26,0.6294,-0.88374,3.77991,2.0,0.0,0.14549999999999996,ETH,2366.37,0.0
2026-05-04T06:20:01.285567+00:00,ETH-26MAR27-3800-P,2430.22,ETH-26MAR27,put,3800.0,2027-03-26T08:00:00+00:00,0.8927294443947892,0.562,0.7845,0.657383,0.67325,2430.22,ETH-26MAR27,0.6263000000000001,-0.6771,8.24314,0.0,0.0,0.22249999999999992,ETH,2366.37,0.0
2026-05-04T06:20:01.285567+00:00,ETH-25DEC26-2300-P,2408.55,ETH-25DEC26,put,2300.0,2026-12-25T08:00:00+00:00,0.643585022765768,0.1695,0.172,0.17077,0.17075,2408.55,ETH-25DEC26,0.6214999999999999,-0.36645,7.27278,1832.0,108.0,0.0024999999999999745,ETH,2366.39,44341.29
2026-05-04T06:20:01.285567+00:00,ETH-25SEP26-6000-P,2388.19,ETH-25SEP26,put,6000.0,2026-09-25T08:00:00+00:00,0.3944406011367468,1.4515,1.6085,1.514995,1.53,2388.19,ETH-25SEP26,0.6498,-0.97996,0.72761,0.0,0.0,0.15700000000000003,ETH,2366.39,0.0
2026-05-04T06:20:01.285567+00:00,ETH-25DEC26-2100-P,2408.55,ETH-25DEC26,put,2100.0,2026-12-25T08:00:00+00:00,0.643585022765768,0.128,0.13,0.128896,0.129,2408.55,ETH-25DEC26,0.6282,-0.30034,6.722,907.0,0.0,0.0020000000000000018,ETH,2366.39,0.0
2026-05-04T06:20:01.285567+00:00,ETH-26JUN26-9000-C,2371.79,ETH-26JUN26,call,9000.0,2026-06-26T08:00:00+00:00,0.14529617950772558,,0.0001,9e-05,,2371.79,ETH-26JUN26,1.0528,0.0009,0.0276,9590.0,0.0,,ETH,2366.39,0.0
2026-05-04T06:20:01.285567+00:00,ETH-26MAR27-2200-C,2430.22,ETH-26MAR27,call,2200.0,2027-03-26T08:00:00+00:00,0.8927294443947892,0.269,0.284,0.275993,0.2765,2430.22,ETH-26MAR27,0.6376,0.67943,8.21844,1134.0,0.0,0.014999999999999958,ETH,2366.39,0.0
2026-05-04T06:20:01.285567+00:00,ETH-25DEC26-3100-C,2408.55,ETH-25DEC26,call,3100.0,2026-12-25T08:00:00+00:00,0.643585022765768,0.1055,0.1085,0.107046,0.107,2408.55,ETH-25DEC26,0.6148,0.39531,7.44168,265.0,0.0,0.0030000000000000027,ETH,2366.35,0.0
2026-05-04T06:20:01.285567+00:00,ETH-26MAR27-1600-C,2430.22,ETH-26MAR27,call,1600.0,2027-03-26T08:00:00+00:00,0.8927294443947892,0.411,0.4795,0.416488,0.44525,2430.22,ETH-26MAR27,0.6635,0.83639,5.6693,0.0,0.0,0.0685,ETH,2366.39,0.0
2026-05-04T06:20:01.285567+00:00,ETH-25DEC26-3200-C,2408.55,ETH-25DEC26,call,3200.0,2026-12-25T08:00:00+00:00,0.643585022765768,0.097,0.0985,0.098184,0.09775,2408.55,ETH-25DEC26,0.6149,0.37083,7.30098,67068.0,0.0,0.0015000000000000013,ETH,2366.35,0.0
2026-05-04T06:20:01.285567+00:00,ETH-15MAY26-2200-P,2367.77,ETH-15MAY26,put,2200.0,2026-05-15T08:00:00+00:00,0.030306446448177298,0.01,0.011,0.010568,0.0105,2367.77,ETH-15MAY26,0.5261,-0.19894,1.15033,3472.0,42.0,0.0009999999999999992,ETH,2366.39,1460.53
2026-05-04T06:20:01.285567+00:00,ETH-25DEC26-4400-C,2408.54,ETH-25DEC26,call,4400.0,2026-12-25T08:00:00+00:00,0.643585022765768,0.036,0.0375,0.036663,0.03675,2408.54,ETH-25DEC26,0.6227,0.16941,4.87885,663.0,0.0,0.0015000000000000013,ETH,2366.35,0.0
2026-05-04T06:20:01.285567+00:00,ETH-26JUN26-2600-P,2371.65,ETH-26JUN26,put,2600.0,2026-06-26T08:00:00+00:00,0.14529617950772558,0.139,0.146,0.144894,0.1425,2371.65,ETH-26JUN26,0.5571,-0.62833,3.41867,18895.0,0.0,0.0069999999999999785,ETH,2366.35,0.0
2026-05-04T06:20:01.285567+00:00,ETH-26MAR27-4000-C,2430.22,ETH-26MAR27,call,4000.0,2027-03-26T08:00:00+00:00,0.8927294443947892,0.081,0.0845,0.082805,0.08275,2430.22,ETH-26MAR27,0.627,0.29289,7.8971,1086.0,250.0,0.003500000000000003,ETH,2366.35,49845.11
2026-05-04T06:20:01.285567+00:00,ETH-25SEP26-7400-P,2388.19,ETH-25SEP26,put,7400.0,2026-09-25T08:00:00+00:00,0.3944406011367468,1.965,2.25,2.099351,2.1075,2388.19,ETH-25SEP26,0.6681,-0.99352,0.27287,0.0,0.0,0.2849999999999999,ETH,2366.3,0.0
2026-05-04T06:20:01.285567+00:00,ETH-7MAY26-2550-C,2366.95,index_price,call,2550.0,2026-05-07T08:00:00+00:00,0.008403640151120492,0.0012,0.0016,0.001387,0.0014,,,0.5301,0.06503,0.27515,149.0,149.0,0.0004000000000000002,ETH,2366.35,462.9
2026-05-04T06:20:01.285567+00:00,ETH-15MAY26-2250-C,2367.77,ETH-15MAY26,call,2250.0,2026-05-15T08:00:00+00:00,0.030306446448177298,0.064,0.0705,0.065209,0.06725,2367.77,ETH-15MAY26,0.5146000000000001,0.72947,1.36424,207.0,10.0,0.006499999999999992,ETH,2366.35,1206.13
2026-05-04T06:20:01.285567+00:00,ETH-26JUN26-1400-C,2371.65,ETH-26JUN26,call,1400.0,2026-06-26T08:00:00+00:00,0.14529617950772558,0.4085,0.418,0.412807,0.41325,2371.65,ETH-26JUN26,0.7633,0.97477,0.5324,39.0,0.0,0.009500000000000008,ETH,2366.3,0.0
2026-05-04T06:20:01.285567+00:00,ETH-5MAY26-2225-C,2366.95,index_price,call,2225.0,2026-05-05T08:00:00+00:00,0.002927938576856288,0.051,0.0735,0.060552,0.06225,,,0.6223,0.96765,0.09267,0.0,0.0,0.0225,ETH,2366.3,0.0
2026-05-04T06:20:01.285567+00:00,ETH-6MAY26-2325-P,2366.95,index_price,put,2325.0,2026-05-06T08:00:00+00:00,0.005665789363988389,0.007,0.0075,0.007265,0.00725,,,0.4857,-0.30848,0.62693,218.0,229.0,0.0004999999999999996,ETH,2366.3,4868.94
2026-05-04T06:20:01.285567+00:00,ETH-7MAY26-2400-C,2366.95,index_price,call,2400.0,2026-05-07T08:00:00+00:00,0.008403640151120492,0.011,0.012,0.011522,0.0115,,,0.47609999999999997,0.38127,0.82678,86.0,102.0,0.0010000000000000009,ETH,2366.3,1379.89
2026-05-04T06:20:01.285567+00:00,ETH-6MAY26-2525-P,2366.95,index_price,put,2525.0,2026-05-06T08:00:00+00:00,0.005665789363988389,0.047,0.078,0.067661,0.0625,,,0.5359,-0.94387,0.2013,0.0,0.0,0.031,ETH,2366.3,0.0
2026-05-04T06:20:01.285567+00:00,ETH-29MAY26-2500-C,2369.05,ETH-29MAY26,call,2500.0,2026-05-29T08:00:00+00:00,0.06863635746802672,0.0325,0.0335,0.033031,0.033,2369.05,ETH-29MAY26,0.5256000000000001,0.37295,2.34935,25351.0,260.0,0.0010000000000000009,ETH,2366.3,17653.79
2026-05-04T06:20:01.285567+00:00,ETH-15MAY26-2150-C,2367.77,ETH-15MAY26,call,2150.0,2026-05-15T08:00:00+00:00,0.030306446448177298,0.094,0.1055,0.099081,0.09975,2367.77,ETH-15MAY26,0.5404,0.85751,0.92848,50.0,50.0,0.011499999999999996,ETH,2366.3,12447.67
2026-05-04T06:20:01.285567+00:00,ETH-29MAY26-3000-C,2369.05,ETH-29MAY26,call,3000.0,2026-05-29T08:00:00+00:00,0.06863635746802672,0.0033,0.0037,0.003443,0.0035,2369.05,ETH-29MAY26,0.5502,0.0585,0.72478,24755.0,84.0,0.0004000000000000002,ETH,2366.3,560.73
2026-05-04T06:20:01.285567+00:00,ETH-7MAY26-2225-P,2366.95,index_price,put,2225.0,2026-05-07T08:00:00+00:00,0.008403640151120492,0.0023,0.0026,0.002409,0.00245,,,0.5403,-0.10262,0.38793,36.0,36.0,0.0002999999999999999,ETH,2366.18,438.26
2026-05-04T06:20:01.285567+00:00,ETH-26JUN26-3500-C,2371.65,ETH-26JUN26,call,3500.0,2026-06-26T08:00:00+00:00,0.14529617950772558,0.0043,0.0049,0.004533,0.0046,2371.65,ETH-26JUN26,0.5877,0.05202,0.9623,10217.0,0.0,0.0005999999999999998,ETH,2366.18,0.0
2026-05-04T06:20:01.285567+00:00,ETH-26JUN26-7200-P,2371.79,ETH-26JUN26,put,7200.0,2026-06-26T08:00:00+00:00,0.14529617950772558,1.905,2.1805,2.035779,2.04275,2371.79,ETH-26JUN26,0.9013,-0.99889,0.03343,76.0,0.0,0.27549999999999986,ETH,2366.18,0.0
2026-05-04T06:20:01.285567+00:00,ETH-15MAY26-2100-C,2367.77,ETH-15MAY26,call,2100.0,2026-05-15T08:00:00+00:00,0.030306446448177298,0.1125,0.125,0.11798,0.11875,2367.77,ETH-15MAY26,0.562,0.89819,0.73287,28.0,50.0,0.012499999999999997,ETH,2366.18,14711.18
2026-05-04T06:20:01.285567+00:00,ETH-25SEP26-2800-P,2388.19,ETH-25SEP26,put,2800.0,2026-09-25T08:00:00+00:00,0.3944406011367468,0.2595,0.2615,0.261141,0.2605,2388.19,ETH-25SEP26,0.5938,-0.59509,5.81323,1298.0,18.0,0.0020000000000000018,ETH,2366.18,11510.75
2026-05-04T06:20:01.285567+00:00,ETH-7MAY26-2000-P,2366.95,index_price,put,2000.0,2026-05-07T08:00:00+00:00,0.008403640151120492,0.0002,0.0004,0.000266,0.0003,,,0.8081999999999999,-0.01057,0.06066,581.0,581.0,0.0002,ETH,2366.18,569.25
2026-05-04T06:20:01.285567+00:00,ETH-26JUN26-5800-P,2371.79,ETH-26JUN26,put,5800.0,2026-06-26T08:00:00+00:00,0.14529617950772558,1.3405,1.5635,1.445629,1.452,2371.79,ETH-26JUN26,0.7964,-0.99739,0.07285,44.0,0.0,0.22299999999999986,ETH,2366.18,0.0
2026-05-04T06:20:01.285567+00:00,ETH-8MAY26-3000-P,2367.21,ETH-8MAY26,put,3000.0,2026-05-08T08:00:00+00:00,0.011141490938252592,0.213,0.3285,0.267312,0.27075,2367.21,ETH-8MAY26,0.8220999999999999,-0.99641,0.02686,1.0,0.0,0.11550000000000002,ETH,2366.18,0.0
2026-05-04T06:20:01.285567+00:00,ETH-5MAY26-2050-P,2366.95,index_price,put,2050.0,2026-05-05T08:00:00+00:00,0.002927938576856288,,0.0001,1.5e-05,,,,0.8764,-0.00114,0.00487,411.0,200.0,,ETH,2366.18,46.7
2026-05-04T06:20:01.285567+00:00,ETH-25SEP26-6200-C,2388.21,ETH-25SEP26,call,6200.0,2026-09-25T08:00:00+00:00,0.3944406011367468,0.0021,0.0025,0.002241,0.0023,2388.21,ETH-25SEP26,0.6543000000000001,0.01716,0.63759,2036.0,0.0,0.0004000000000000002,ETH,2366.21,0.0
2026-05-04T06:20:01.285567+00:00,ETH-22MAY26-1800-P,2368.555,SYN.ETH-22MAY26,put,1800.0,2026-05-22T08:00:00+00:00,0.049471401958102006,0.0019,0.0021,0.002037,0.002,2368.555,SYN.ETH-22MAY26,0.6945999999999999,-0.0321,0.37906,5744.0,9.0,0.00019999999999999987,ETH,2366.21,48.97
2026-05-04T06:20:01.285567+00:00,ETH-31JUL26-2050-C,2378.1553846153847,SYN.ETH-31JUL26,call,2050.0,2026-07-31T08:00:00+00:00,0.24112095705734912,0.187,0.196,0.190922,0.1915,2378.1553846153847,SYN.ETH-31JUL26,0.5966,0.7428,3.76657,0.0,0.0,0.009000000000000008,ETH,2366.18,0.0
2026-05-04T06:20:01.285567+00:00,ETH-26JUN26-4400-P,2371.79,ETH-26JUN26,put,4400.0,2026-06-26T08:00:00+00:00,0.14529617950772558,0.847,0.8635,0.855897,0.85525,2371.79,ETH-26JUN26,0.6576000000000001,-0.99036,0.23333,4317.0,0.0,0.01650000000000007,ETH,2366.21,0.0
2026-05-04T06:20:01.285567+00:00,ETH-5MAY26-2325-C,2366.95,index_price,call,2325.0,2026-05-05T08:00:00+00:00,0.002927938576856288,0.0205,0.024,0.021687,0.02225,,,0.4854,0.75243,0.4045,533.0,407.0,0.0034999999999999996,ETH,2366.21,15029.19
2026-05-04T06:20:01.285567+00:00,ETH-26MAR27-4600-C,2430.22,ETH-26MAR27,call,4600.0,2027-03-26T08:00:00+00:00,0.8927294443947892,0.0565,0.0595,0.058025,0.058,2430.22,ETH-26MAR27,0.6309,0.21994,6.7979,24.0,1.0,0.0029999999999999957,ETH,2366.21,129.23
2026-05-04T06:20:01.285567+00:00,ETH-6MAY26-2475-P,2366.95,index_price,put,2475.0,2026-05-06T08:00:00+00:00,0.005665789363988389,0.04,0.056,0.047812,0.048,,,0.5007,-0.87972,0.35682,0.0,0.0,0.016,ETH,2366.21,0.0
2026-05-04T06:20:01.285567+00:00,ETH-25SEP26-1700-P,2388.21,ETH-25SEP26,put,1700.0,2026-09-25T08:00:00+00:00,0.3944406011367468,0.0375,0.0385,0.038027,0.038,2388.21,ETH-25SEP26,0.6459,-0.14925,3.48537,1152.0,0.0,0.0010000000000000009,ETH,2366.12,0.0
2026-05-04T06:20:01.285567+00:00,ETH-22MAY26-2300-P,2368.555,SYN.ETH-22MAY26,put,2300.0,2026-05-22T08:00:00+00:00,0.049471401958102006,0.032,0.0325,0.032302,0.03225,2368.555,SYN.ETH-22MAY26,0.5183,-0.37877,2.00362,203.0,158.0,0.0005000000000000004,ETH,2366.12,11461.03
2026-05-04T06:20:01.285567+00:00,ETH-26MAR27-2000-C,2430.22,ETH-26MAR27,call,2000.0,2027-03-26T08:00:00+00:00,0.8927294443947892,0.26,0.3915,0.317037,0.32575,2430.22,ETH-26MAR27,0.6435,0.73365,7.54039,11.0,1.0,0.1315,ETH,2366.12,727.9
2026-05-04T06:20:01.285567+00:00,ETH-8MAY26-2500-P,2367.36,ETH-8MAY26,put,2500.0,2026-05-08T08:00:00+00:00,0.011141490938252592,0.0575,0.063,0.060024,0.06025,2367.36,ETH-8MAY26,0.49060000000000004,-0.84916,0.58465,401.0,10.0,0.005499999999999998,ETH,2366.12,1377.23
2026-05-04T06:20:01.285567+00:00,ETH-7MAY26-2700-C,2366.95,index_price,call,2700.0,2026-05-07T08:00:00+00:00,0.008403640151120492,0.0002,0.0004,0.000305,0.0003,,,0.6496999999999999,0.01438,0.0792,1.0,1.0,0.0002,ETH,2366.12,1.43
2026-05-04T06:20:01.285567+00:00,ETH-25SEP26-5600-P,2388.19,ETH-25SEP26,put,5600.0,2026-09-25T08:00:00+00:00,0.3944406011367468,1.325,1.4425,1.348617,1.38375,2388.19,ETH-25SEP26,0.6411,-0.97228,0.95575,0.0,0.0,0.11749999999999994,ETH,2366.04,0.0
2026-05-04T06:20:01.285567+00:00,ETH-25SEP26-5500-C,2388.21,ETH-25SEP26,call,5500.0,2026-09-25T08:00:00+00:00,0.3944406011367468,0.004,0.0045,0.004144,0.00425,2388.21,ETH-25SEP26,0.6395000000000001,0.03032,1.02951,1452.0,0.0,0.0004999999999999996,ETH,2366.04,0.0
2026-05-04T06:20:01.285567+00:00,ETH-26JUN26-2300-C,2371.79,ETH-26JUN26,call,2300.0,2026-06-26T08:00:00+00:00,0.14529617950772558,0.0995,0.101,0.100158,0.10025,2371.79,ETH-26JUN26,0.5629,0.59827,3.49664,7306.0,1.0,0.0015000000000000013,ETH,2366.04,207.31
2026-05-04T06:20:01.285567+00:00,ETH-26JUN26-4200-P,2371.79,ETH-26JUN26,put,4200.0,2026-06-26T08:00:00+00:00,0.14529617950772558,0.765,0.779,0.771858,0.772,2371.79,ETH-26JUN26,0.6399,-0.98683,0.30607,2110.0,0.0,0.014000000000000012,ETH,2366.04,0.0
2026-05-04T06:20:01.285567+00:00,ETH-25SEP26-1700-C,2388.19,ETH-25SEP26,call,1700.0,2026-09-25T08:00:00+00:00,0.3944406011367468,0.323,0.331,0.326194,0.327,2388.19,ETH-25SEP26,0.6459,0.85075,3.48539,332.0,0.0,0.008000000000000007,ETH,2366.04,0.0
2026-05-04T06:20:01.285567+00:00,ETH-26JUN26-3400-C,2371.79,ETH-26JUN26,call,3400.0,2026-06-26T08:00:00+00:00,0.14529617950772558,0.0055,0.006,0.005826,0.00575,2371.79,ETH-26JUN26,0.5820000000000001,0.0651,1.14763,6906.0,566.0,0.0005000000000000004,ETH,2366.04,6515.62
2026-05-04T06:20:01.285567+00:00,ETH-26MAR27-1400-P,2430.22,ETH-26MAR27,put,1400.0,2027-03-26T08:00:00+00:00,0.8927294443947892,0.0505,0.053,0.051574,0.05175,2430.22,ETH-26MAR27,0.6818000000000001,-0.11951,4.57982,1623.0,1.0,0.0024999999999999953,ETH,2366.04,117.86
2026-05-04T06:20:01.285567+00:00,ETH-25SEP26-7500-P,2388.19,ETH-25SEP26,put,7500.0,2026-09-25T08:00:00+00:00,0.3944406011367468,2.005,2.2935,2.141185,2.14925,2388.19,ETH-25SEP26,0.6714,-0.99384,0.26096,0.0,0.0,0.2885,ETH,2366.02,0.0
2026-05-04T06:20:01.285567+00:00,ETH-26MAR27-1800-P,2430.22,ETH-26MAR27,put,1800.0,2027-03-26T08:00:00+00:00,0.8927294443947892,0.1025,0.106,0.104245,0.10425,2430.22,ETH-26MAR27,0.6512,-0.21334,6.67882,1274.0,0.0,0.003500000000000003,ETH,2366.04,0.0
2026-05-04T06:20:01.285567+00:00,ETH-25SEP26-2200-C,2388.19,ETH-25SEP26,call,2200.0,2026-09-25T08:00:00+00:00,0.3944406011367468,0.186,0.189,0.18744,0.1875,2388.19,ETH-25SEP26,0.6047,0.65726,5.5123,1811.0,0.0,0.0030000000000000027,ETH,2366.02,0.0
2026-05-04T06:20:01.285567+00:00,ETH-26MAR27-3500-C,2430.22,ETH-26MAR27,call,3500.0,2027-03-26T08:00:00+00:00,0.8927294443947892,0.112,0.1155,0.113771,0.11375,2430.22,ETH-26MAR27,0.6257,0.37383,8.69799,148.0,1.0,0.003500000000000003,ETH,2366.02,268.59
2026-05-04T06:20:01.285567+00:00,ETH-25SEP26-5500-P,2388.21,ETH-25SEP26,put,5500.0,2026-09-25T08:00:00+00:00,0.3944406011367468,1.2125,1.346,1.307133,1.27925,2388.21,ETH-25SEP26,0.6395000000000001,-0.96968,1.02947,1.0,0.0,0.13350000000000017,ETH,2366.02,0.0
2026-05-04T06:20:01.285567+00:00,ETH-22MAY26-3000-C,2368.555,SYN.ETH-22MAY26,call,3000.0,2026-05-22T08:00:00+00:00,0.049471401958102006,0.0013,0.0017,0.001512,0.0015,2368.555,SYN.ETH-22MAY26,0.5571,0.03226,0.38059,0.0,0.0,0.00039999999999999996,ETH,2366.02,0.0
2026-05-04T06:20:01.285567+00:00,ETH-26MAR27-3600-P,2430.22,ETH-26MAR27,put,3600.0,2027-03-26T08:00:00+00:00,0.8927294443947892,0.4955,0.712,0.5879,0.60375,2430.22,ETH-26MAR27,0.6259,-0.64398,8.55676,1.0,0.0,0.21649999999999997,ETH,2366.02,0.0
2026-05-04T06:20:01.285567+00:00,ETH-25SEP26-2900-C,2388.19,ETH-25SEP26,call,2900.0,2026-09-25T08:00:00+00:00,0.3944406011367468,0.077,0.0785,0.078098,0.07775,2388.19,ETH-25SEP26,0.594,0.3689,5.65727,390.0,0.0,0.0015000000000000013,ETH,2366.08,0.0
2026-05-04T06:20:01.285567+00:00,ETH-26MAR27-1900-C,2430.37,ETH-26MAR27,call,1900.0,2027-03-26T08:00:00+00:00,0.8927294443947892,0.284,0.411,0.339437,0.3475,2430.37,ETH-26MAR27,0.6465000000000001,0.76044,7.13086,0.0,0.0,0.127,ETH,2366.02,0.0
2026-05-04T06:20:01.285567+00:00,ETH-22MAY26-2000-P,2368.555,SYN.ETH-22MAY26,put,2000.0,2026-05-22T08:00:00+00:00,0.049471401958102006,0.0055,0.0065,0.005984,0.006,2368.555,SYN.ETH-22MAY26,0.6001,-0.09176,0.86771,1177.0,536.0,0.001,ETH,2366.08,8160.13
2026-05-04T06:20:01.285567+00:00,ETH-15MAY26-2400-C,2367.77,ETH-15MAY26,call,2400.0,2026-05-15T08:00:00+00:00,0.030306446448177298,0.028,0.029,0.028448,0.0285,2367.77,ETH-15MAY26,0.4982,0.45347,1.63302,3702.0,183.0,0.0010000000000000009,ETH,2366.08,9777.73
2026-05-04T06:20:01.285567+00:00,ETH-8MAY26-1800-C,2367.21,ETH-8MAY26,call,1800.0,2026-05-08T08:00:00+00:00,0.011141490938252592,0.2345,0.2545,0.239868,0.2445,2367.21,ETH-8MAY26,1.0427,0.99447,0.03952,1.0,0.0,0.020000000000000018,ETH,2366.08,0.0
2026-05-04T06:20:01.285567+00:00,ETH-25SEP26-5400-P,2388.21,ETH-25SEP26,put,5400.0,2026-09-25T08:00:00+00:00,0.3944406011367468,1.1725,1.3445,1.265657,1.2585,2388.21,ETH-25SEP26,0.6372,-0.96702,1.10355,4.0,0.0,0.17199999999999993,ETH,2366.03,0.0
2026-05-04T06:20:01.285567+00:00,ETH-25SEP26-1900-P,2388.19,ETH-25SEP26,put,1900.0,2026-09-25T08:00:00+00:00,0.3944406011367468,0.059,0.0605,0.059973,0.05975,2388.19,ETH-25SEP26,0.624,-0.21816,4.41955,3404.0,0.0,0.0015000000000000013,ETH,2366.03,0.0
2026-05-04T06:20:01.285567+00:00,ETH-29MAY26-2800-P,2369.03,ETH-29MAY26,put,2800.0,2026-05-29T08:00:00+00:00,0.06863635746802672,0.18,0.2495,0.19054,0.21475,2369.03,ETH-29MAY26,0.534,-0.87016,1.3117,9.0,0.0,0.0695,ETH,2366.08,0.0
2026-05-04T06:20:01.285567+00:00,ETH-25SEP26-3400-P,2388.19,ETH-25SEP26,put,3400.0,2026-09-25T08:00:00+00:00,0.3944406011367468,0.4535,0.4735,0.464523,0.4635,2388.19,ETH-25SEP26,0.5954,-0.77586,4.48845,929.0,0.0,0.019999999999999962,ETH,2366.03,0.0
2026-05-04T06:20:01.285567+00:00,ETH-26MAR27-1900-P,2430.22,ETH-26MAR27,put,1900.0,2027-03-26T08:00:00+00:00,0.8927294443947892,0.12,0.123,0.121211,0.1215,2430.22,ETH-26MAR27,0.6465000000000001,-0.23956,7.13085,680.0,0.0,0.0030000000000000027,ETH,2366.03,0.0
2026-05-04T06:20:01.285567+00:00,ETH-7MAY26-2400-P,2366.95,index_price,put,2400.0,2026-05-07T08:00:00+00:00,0.008403640151120492,0.0245,0.0265,0.025228,0.0255,,,0.47609999999999997,-0.61973,0.82603,19.0,19.0,0.0019999999999999983,ETH,2366.03,1203.59
2026-05-04T06:20:01.285567+00:00,ETH-26JUN26-500-C,2371.65,ETH-26JUN26,call,500.0,2026-06-26T08:00:00+00:00,0.14529617950772558,0.7885,0.791,0.789296,0.78975,2371.65,ETH-26JUN26,1.3843,0.99934,0.02071,344.0,0.0,0.0025000000000000577,ETH,2366.03,0.0
2026-05-04T06:20:01.285567+00:00,ETH-26JUN26-5800-C,2371.65,ETH-26JUN26,call,5800.0,2026-06-26T08:00:00+00:00,0.14529617950772558,,0.0002,0.000218,,2371.65,ETH-26JUN26,0.7964,0.0026,0.07277,1191.0,0.0,,ETH,2366.04,0.0
2026-05-04T06:20:01.285567+00:00,ETH-25SEP26-7400-C,2388.21,ETH-25SEP26,call,7400.0,2026-09-25T08:00:00+00:00,0.3944406011367468,0.0005,0.0012,0.000783,0.00085,2388.21,ETH-25SEP26,0.6681,0.00647,0.27265,1004.0,0.0,0.0006999999999999999,ETH,2366.04,0.0
2026-05-04T06:20:01.285567+00:00,ETH-26JUN26-2800-C,2371.79,ETH-26JUN26,call,2800.0,2026-06-26T08:00:00+00:00,0.14529617950772558,0.028,0.029,0.028623,0.0285,2371.79,ETH-26JUN26,0.5575,0.24942,2.86919,17436.0,7.0,0.0010000000000000009,ETH,2366.04,427.05
2026-05-04T06:20:01.285567+00:00,ETH-8MAY26-2000-C,2367.36,ETH-8MAY26,call,2000.0,2026-05-08T08:00:00+00:00,0.011141490938252592,0.1495,0.1635,0.155505,0.1565,2367.36,ETH-8MAY26,0.718,0.988,0.07801,5.0,0.0,0.014000000000000012,ETH,2366.04,0.0
2026-05-04T06:20:01.285567+00:00,ETH-25SEP26-5200-P,2388.19,ETH-25SEP26,put,5200.0,2026-09-25T08:00:00+00:00,0.3944406011367468,1.161,1.287,1.182791,1.224,2388.19,ETH-25SEP26,0.6314,-0.96115,1.26215,3.0,0.0,0.1259999999999999,ETH,2366.04,0.0
2026-05-04T06:20:01.285567+00:00,ETH-4MAY26-2150-P,2366.95,index_price,put,2150.0,2026-05-04T08:00:00+00:00,0.0001900877897241869,,0.0001,0.0,,,,0.9675,0.0,0.0,835.0,516.0,,ETH,2366.04,136.85
2026-05-04T06:20:01.285567+00:00,ETH-4MAY26-2250-C,2366.95,index_price,call,2250.0,2026-05-04T08:00:00+00:00,0.0001900877897241869,0.029,0.0875,0.04947,0.05825,,,0.9398000000000001,0.99996,5e-05,108.0,26.0,0.058499999999999996,ETH,2366.07,3078.6
2026-05-04T06:20:01.285567+00:00,ETH-26JUN26-1900-P,2371.79,ETH-26JUN26,put,1900.0,2026-06-26T08:00:00+00:00,0.14529617950772558,0.0185,0.0195,0.018987,0.019,2371.79,ETH-26JUN26,0.6115999999999999,-0.14319,2.04309,5005.0,7.0,0.0010000000000000009,ETH,2366.07,356.65
2026-05-04T06:20:01.285567+00:00,ETH-25SEP26-14000-P,2388.19,ETH-25SEP26,put,14000.0,2026-09-25T08:00:00+00:00,0.3944406011367468,4.6095,5.1405,4.862344,4.875,2388.19,ETH-25SEP26,0.8636,-0.9986,0.06866,0.0,0.0,0.5310000000000006,ETH,2366.07,0.0
2026-05-04T06:20:01.285567+00:00,ETH-26JUN26-15000-P,2371.65,ETH-26JUN26,put,15000.0,2026-06-26T08:00:00+00:00,0.14529617950772558,5.275,5.3585,5.324338,5.31675,2371.65,ETH-26JUN26,1.1,-0.99999,0.00056,10.0,0.0,0.08349999999999991,ETH,2366.07,0.0
2026-05-04T06:20:01.285567+00:00,ETH-25DEC26-2600-P,2408.54,ETH-25DEC26,put,2600.0,2026-12-25T08:00:00+00:00,0.643585022765768,0.2435,0.2465,0.245394,0.245,2408.54,ETH-25DEC26,0.6169,-0.46336,7.67453,898.0,0.0,0.0030000000000000027,ETH,2366.04,0.0
2026-05-04T06:20:01.285567+00:00,ETH-25SEP26-6400-P,2388.21,ETH-25SEP26,put,6400.0,2026-09-25T08:00:00+00:00,0.3944406011367468,1.641,1.71,1.681705,1.6755,2388.21,ETH-25SEP26,0.6566,-0.98552,0.55091,0.0,0.0,0.06899999999999995,ETH,2366.07,0.0
2026-05-04T06:20:01.285567+00:00,ETH-4MAY26-2275-C,2366.95,index_price,call,2275.0,2026-05-04T08:00:00+00:00,0.0001900877897241869,0.036,0.0415,0.03891,0.03875,,,0.8593000000000001,0.99962,0.00044,461.0,8.0,0.005500000000000005,ETH,2366.07,449.25
2026-05-04T06:20:01.285567+00:00,ETH-6MAY26-2350-P,2366.95,index_price,put,2350.0,2026-05-06T08:00:00+00:00,0.005665789363988389,0.0105,0.0115,0.010903,0.011,,,0.4757,-0.41763,0.6952,109.0,156.0,0.0009999999999999992,ETH,2366.07,5586.89
2026-05-04T06:20:01.285567+00:00,ETH-6MAY26-2200-P,2366.95,index_price,put,2200.0,2026-05-06T08:00:00+00:00,0.005665789363988389,0.0009,0.0011,0.000986,0.001,,,0.6031,-0.05194,0.18931,165.0,183.0,0.0002000000000000001,ETH,2366.08,548.35
2026-05-04T06:20:01.285567+00:00,ETH-4MAY26-2050-C,2366.95,index_price,call,2050.0,2026-05-04T08:00:00+00:00,0.0001900877897241869,0.128,0.1435,0.133962,0.13575,,,1.0558,1.0,0.0,1.0,0.0,0.015499999999999986,ETH,2366.08,0.0
2026-05-04T06:20:01.285567+00:00,ETH-4MAY26-2300-P,2366.95,index_price,put,2300.0,2026-05-04T08:00:00+00:00,0.0001900877897241869,,0.0001,2.3e-05,,,,0.8492000000000001,-0.00693,0.00621,3760.0,5046.0,,ETH,2366.08,41389.06
2026-05-04T06:20:01.285567+00:00,ETH-6MAY26-2525-C,2366.95,index_price,call,2525.0,2026-05-06T08:00:00+00:00,0.005665789363988389,0.0009,0.0011,0.000966,0.001,,,0.5359,0.05588,0.20058,0.0,0.0,0.0002000000000000001,ETH,2366.08,0.0
2026-05-04T06:20:01.285567+00:00,ETH-25SEP26-6600-P,2388.19,ETH-25SEP26,put,6600.0,2026-09-25T08:00:00+00:00,0.3944406011367468,1.645,1.9025,1.765193,1.77375,2388.19,ETH-25SEP26,0.6615000000000001,-0.98742,0.48813,0.0,0.0,0.25750000000000006,ETH,2366.07,0.0
2026-05-04T06:20:01.285567+00:00,ETH-25SEP26-2800-C,2388.19,ETH-25SEP26,call,2800.0,2026-09-25T08:00:00+00:00,0.3944406011367468,0.088,0.089,0.08871,0.0885,2388.19,ETH-25SEP26,0.5938,0.40482,5.81235,4685.0,0.0,0.0010000000000000009,ETH,2366.07,0.0
2026-05-04T06:20:01.285567+00:00,ETH-25DEC26-2900-C,2408.55,ETH-25DEC26,call,2900.0,2026-12-25T08:00:00+00:00,0.643585022765768,0.126,0.1285,0.127359,0.12725,2408.55,ETH-25DEC26,0.6147,0.44797,7.64143,343.0,0.0,0.0025000000000000022,ETH,2366.08,0.0
2026-05-04T06:20:01.285567+00:00,ETH-31JUL26-4000-C,2378.1553846153847,SYN.ETH-31JUL26,call,4000.0,2026-07-31T08:00:00+00:00,0.24112095705734912,0.0055,0.0065,0.00587,0.006,2378.1553846153847,SYN.ETH-31JUL26,0.5991,0.05255,1.25297,60.0,1.0,0.001,ETH,2366.08,14.32
2026-05-04T06:20:01.285567+00:00,ETH-22MAY26-2100-C,2368.555,SYN.ETH-22MAY26,call,2100.0,2026-05-22T08:00:00+00:00,0.049471401958102006,0.1185,0.13,0.123962,0.12425,2368.555,SYN.ETH-22MAY26,0.5633,0.84599,1.24981,0.0,0.0,0.01150000000000001,ETH,2366.07,0.0
2026-05-04T06:20:01.285567+00:00,ETH-8MAY26-2550-C,2367.21,ETH-8MAY26,call,2550.0,2026-05-08T08:00:00+00:00,0.011141490938252592,0.0018,0.0022,0.002007,0.002,2367.21,ETH-8MAY26,0.502,0.08333,0.38296,8715.0,407.0,0.0004000000000000002,ETH,2366.07,1247.81
2026-05-04T06:20:01.285567+00:00,ETH-26JUN26-2200-P,2371.79,ETH-26JUN26,put,2200.0,2026-06-26T08:00:00+00:00,0.14529617950772558,0.0515,0.0525,0.052034,0.052,2371.79,ETH-26JUN26,0.5695,-0.32522,3.25465,13753.0,35.0,0.0010000000000000009,ETH,2366.07,4276.92
2026-05-04T06:20:01.285567+00:00,ETH-26MAR27-2700-P,2430.22,ETH-26MAR27,put,2700.0,2027-03-26T08:00:00+00:00,0.8927294443947892,0.302,0.311,0.30569,0.3065,2430.22,ETH-26MAR27,0.6284000000000001,-0.45255,9.09568,88.0,2.0,0.009000000000000008,ETH,2366.07,1423.36
2026-05-04T06:20:01.285567+00:00,ETH-26JUN26-4000-P,2371.79,ETH-26JUN26,put,4000.0,2026-06-26T08:00:00+00:00,0.14529617950772558,0.6805,0.6945,0.688,0.6875,2371.79,ETH-26JUN26,0.6236999999999999,-0.98125,0.41441,3945.0,0.0,0.014000000000000012,ETH,2366.11,0.0
2026-05-04T06:20:01.285567+00:00,ETH-4MAY26-2100-P,2366.95,index_price,put,2100.0,2026-05-04T08:00:00+00:00,0.0001900877897241869,,0.0001,0.0,,,,1.0558,0.0,0.0,99.0,0.0,,ETH,2366.11,0.0
2026-05-04T06:20:01.285567+00:00,ETH-26JUN26-2300-P,2371.65,ETH-26JUN26,put,2300.0,2026-06-26T08:00:00+00:00,0.14529617950772558,0.0695,0.0705,0.06989,0.07,2371.65,ETH-26JUN26,0.5629,-0.40174,3.49664,5735.0,12.0,0.000999999999999987,ETH,2366.11,2216.4
2026-05-04T06:20:01.285567+00:00,ETH-25SEP26-3500-C,2388.19,ETH-25SEP26,call,3500.0,2026-09-25T08:00:00+00:00,0.3944406011367468,0.0355,0.0365,0.035981,0.036,2388.19,ETH-25SEP26,0.5965,0.20228,4.22757,12175.0,0.0,0.0010000000000000009,ETH,2366.11,0.0
2026-05-04T06:20:01.285567+00:00,ETH-29MAY26-3200-C,2369.05,ETH-29MAY26,call,3200.0,2026-05-29T08:00:00+00:00,0.06863635746802672,0.0014,0.0017,0.001463,0.00155,2369.05,ETH-29MAY26,0.5726,0.02679,0.38431,52092.0,15.0,0.0002999999999999999,ETH,2366.11,40.42
2026-05-04T06:20:01.285567+00:00,ETH-25SEP26-1800-C,2388.19,ETH-25SEP26,call,1800.0,2026-09-25T08:00:00+00:00,0.3944406011367468,0.291,0.299,0.294373,0.295,2388.19,ETH-25SEP26,0.6342,0.81806,3.96219,478.0,0.0,0.008000000000000007,ETH,2366.08,0.0
2026-05-04T06:20:01.285567+00:00,ETH-4MAY26-2000-P,2366.95,index_price,put,2000.0,2026-05-04T08:00:00+00:00,0.0001900877897241869,,0.0001,0.0,,,,1.0558,0.0,0.0,1003.0,0.0,,ETH,2366.08,0.0
2026-05-04T06:20:01.285567+00:00,ETH-31JUL26-3800-C,2378.1553846153847,SYN.ETH-31JUL26,call,3800.0,2026-07-31T08:00:00+00:00,0.24112095705734912,0.0075,0.0085,0.008291,0.008,2378.1553846153847,SYN.ETH-31JUL26,0.5927,0.07131,1.59043,26.0,0.0,0.0010000000000000009,ETH,2366.11,0.0
2026-05-04T06:20:01.285567+00:00,ETH-15MAY26-2300-P,2367.77,ETH-15MAY26,put,2300.0,2026-05-15T08:00:00+00:00,0.030306446448177298,0.0215,0.0225,0.022188,0.022,2367.77,ETH-15MAY26,0.506,-0.35594,1.53582,1720.0,155.0,0.0010000000000000009,ETH,2366.11,7616.82
2026-05-04T06:20:01.285567+00:00,ETH-7MAY26-2175-C,2366.95,index_price,call,2175.0,2026-05-07T08:00:00+00:00,0.008403640151120492,0.0765,0.09,0.082615,0.08325,,,0.589,0.94367,0.24587,0.0,0.0,0.013499999999999998,ETH,2366.08,0.0
2026-05-04T06:20:01.285567+00:00,ETH-26MAR27-3400-C,2430.22,ETH-26MAR27,call,3400.0,2027-03-26T08:00:00+00:00,0.8927294443947892,0.1195,0.1235,0.121467,0.1215,2430.22,ETH-26MAR27,0.6257,0.39257,8.82657,11.0,0.0,0.0040000000000000036,ETH,2366.08,0.0
2026-05-04T06:20:01.285567+00:00,ETH-31JUL26-2000-P,2378.0115384615387,SYN.ETH-31JUL26,put,2000.0,2026-07-31T08:00:00+00:00,0.24112095705734912,0.046,0.047,0.046456,0.0465,2378.0115384615387,SYN.ETH-31JUL26,0.6013000000000001,-0.23187,3.56176,607.0,0.0,0.0010000000000000009,ETH,2366.08,0.0
2026-05-04T06:20:01.285567+00:00,ETH-4MAY26-2450-C,2366.95,index_price,call,2450.0,2026-05-04T08:00:00+00:00,0.0001900877897241869,,0.0001,1e-06,,,,0.7733,0.00046,0.00053,161.0,152.0,,ETH,2366.1,103.86
2026-05-04T06:20:01.285567+00:00,ETH-6MAY26-2200-C,2366.95,index_price,call,2200.0,2026-05-06T08:00:00+00:00,0.005665789363988389,0.0655,0.0795,0.071588,0.0725,,,0.6031,0.94808,0.18925,0.0,0.0,0.013999999999999999,ETH,2366.1,0.0
2026-05-04T06:20:01.285567+00:00,ETH-4MAY26-2000-C,2366.95,index_price,call,2000.0,2026-05-04T08:00:00+00:00,0.0001900877897241869,0.1465,0.191,0.155085,0.16875,,,1.0558,1.0,0.0,0.0,0.0,0.04450000000000001,ETH,2366.1,0.0
2026-05-04T06:20:01.285567+00:00,ETH-4MAY26-2475-P,2366.95,index_price,put,2475.0,2026-05-04T08:00:00+00:00,0.0001900877897241869,0.0285,0.095,0.045583,0.06175,,,0.8621,-0.99994,8e-05,0.0,0.0,0.0665,ETH,2366.1,0.0
2026-05-04T06:20:01.285567+00:00,ETH-25DEC26-1500-C,2408.55,ETH-25DEC26,call,1500.0,2026-12-25T08:00:00+00:00,0.643585022765768,0.4175,0.4245,0.420691,0.421,2408.55,ETH-25DEC26,0.6718000000000001,0.87433,3.99174,628.0,0.0,0.007000000000000006,ETH,2366.1,0.0
2026-05-04T06:20:01.285567+00:00,ETH-29MAY26-2300-C,2369.05,ETH-29MAY26,call,2300.0,2026-05-29T08:00:00+00:00,0.06863635746802672,0.07,0.0715,0.07066,0.07075,2369.05,ETH-29MAY26,0.5329999999999999,0.60981,2.38145,10544.0,0.0,0.0014999999999999875,ETH,2366.1,0.0
2026-05-04T06:20:01.285567+00:00,ETH-4MAY26-2425-C,2366.95,index_price,call,2425.0,2026-05-04T08:00:00+00:00,0.0001900877897241869,,0.0001,7e-06,,,,0.6355,0.00224,0.00226,1083.0,2041.0,,ETH,2366.13,2181.44
2026-05-04T06:20:01.285567+00:00,ETH-6MAY26-2100-P,2366.95,index_price,put,2100.0,2026-05-06T08:00:00+00:00,0.005665789363988389,0.0002,0.0004,0.000306,0.0003,,,0.7437,-0.01532,0.06869,98.0,98.0,0.0002,ETH,2366.13,76.31
2026-05-04T06:20:01.285567+00:00,ETH-29MAY26-2200-C,2369.05,ETH-29MAY26,call,2200.0,2026-05-29T08:00:00+00:00,0.06863635746802672,0.0965,0.1015,0.097731,0.099,2369.05,ETH-29MAY26,0.5446,0.72151,2.08359,12221.0,0.0,0.0050000000000000044,ETH,2366.1,0.0
2026-05-04T06:20:01.285567+00:00,ETH-25SEP26-5000-P,2388.21,ETH-25SEP26,put,5000.0,2026-09-25T08:00:00+00:00,0.3944406011367468,1.0795,1.196,1.100201,1.13775,2388.21,ETH-25SEP26,0.6264,-0.95369,1.45488,1.0,0.0,0.11650000000000005,ETH,2366.13,0.0
2026-05-04T06:20:01.285567+00:00,ETH-22MAY26-2150-C,2368.555,SYN.ETH-22MAY26,call,2150.0,2026-05-22T08:00:00+00:00,0.049471401958102006,0.1015,0.1125,0.106406,0.107,2368.555,SYN.ETH-22MAY26,0.5487,0.80246,1.46366,100.0,0.0,0.010999999999999996,ETH,2366.13,0.0
2026-05-04T06:20:01.285567+00:00,ETH-26JUN26-13000-P,2371.79,ETH-26JUN26,put,13000.0,2026-06-26T08:00:00+00:00,0.14529617950772558,4.245,4.7395,4.481098,4.49225,2371.79,ETH-26JUN26,1.0987,-0.99994,0.00216,0.0,0.0,0.4944999999999995,ETH,2366.13,0.0
2026-05-04T06:20:01.285567+00:00,ETH-31JUL26-3600-C,2378.1553846153847,SYN.ETH-31JUL26,call,3600.0,2026-07-31T08:00:00+00:00,0.24112095705734912,0.011,0.0125,0.011774,0.01175,2378.1553846153847,SYN.ETH-31JUL26,0.5859000000000001,0.09715,2.0064,156.0,130.0,0.0015000000000000013,ETH,2366.13,3166.16
2026-05-04T06:20:01.285567+00:00,ETH-25DEC26-11000-P,2408.54,ETH-25DEC26,put,11000.0,2026-12-25T08:00:00+00:00,0.643585022765768,3.3705,3.584,3.56805,3.47725,2408.54,ETH-25DEC26,0.6842,-0.99366,0.34514,53.0,0.0,0.21350000000000025,ETH,2366.13,0.0
2026-05-04T06:20:01.285567+00:00,ETH-25DEC26-2800-C,2408.54,ETH-25DEC26,call,2800.0,2026-12-25T08:00:00+00:00,0.643585022765768,0.1375,0.14,0.139038,0.13875,2408.54,ETH-25DEC26,0.6151,0.47634,7.69359,3554.0,0.0,0.0025000000000000022,ETH,2366.13,0.0
2026-05-04T06:20:01.285567+00:00,ETH-29MAY26-2100-P,2369.05,ETH-29MAY26,put,2100.0,2026-05-29T08:00:00+00:00,0.06863635746802672,0.0155,0.0165,0.016156,0.016,2369.05,ETH-29MAY26,0.5627,-0.18708,1.66813,5044.0,161.0,0.0010000000000000009,ETH,2366.13,7296.19
2026-05-04T06:20:01.285567+00:00,ETH-22MAY26-2200-P,2368.555,SYN.ETH-22MAY26,put,2200.0,2026-05-22T08:00:00+00:00,0.049471401958102006,0.0185,0.019,0.018783,0.01875,2368.555,SYN.ETH-22MAY26,0.5361,-0.24988,1.67335,149.0,48.0,0.0005000000000000004,ETH,2366.12,2633.62
2026-05-04T06:20:01.285567+00:00,ETH-25DEC26-3400-P,2408.55,ETH-25DEC26,put,3400.0,2026-12-25T08:00:00+00:00,0.643585022765768,0.484,0.5005,0.494188,0.49225,2408.55,ETH-25DEC26,0.6149,-0.67468,6.95603,89.0,0.0,0.01649999999999996,ETH,2366.12,0.0
2026-05-04T06:20:01.285567+00:00,ETH-25DEC26-8000-P,2408.55,ETH-25DEC26,put,8000.0,2026-12-25T08:00:00+00:00,0.643585022765768,2.294,2.4885,2.325396,2.39125,2408.55,ETH-25DEC26,0.6620999999999999,-0.97693,1.05547,0.0,0.0,0.19450000000000012,ETH,2366.12,0.0
2026-05-04T06:20:01.285567+00:00,ETH-29MAY26-1500-C,2369.05,ETH-29MAY26,call,1500.0,2026-05-29T08:00:00+00:00,0.06863635746802672,0.3635,0.379,0.367737,0.37125,2369.05,ETH-29MAY26,0.8061,0.98832,0.18928,27.0,0.0,0.015500000000000014,ETH,2366.12,0.0
2026-05-04T06:20:01.285567+00:00,ETH-6MAY26-2425-P,2366.95,index_price,put,2425.0,2026-05-06T08:00:00+00:00,0.005665789363988389,0.0245,0.0315,0.029967,0.028,,,0.4805,-0.74832,0.56764,10.0,0.0,0.006999999999999999,ETH,2365.47,0.0
2026-05-04T06:20:01.285567+00:00,ETH-25DEC26-1000-P,2408.55,ETH-25DEC26,put,1000.0,2026-12-25T08:00:00+00:00,0.643585022765768,0.0125,0.013,0.013106,0.01275,2408.55,ETH-25DEC26,0.7655,-0.04115,1.70362,17839.0,20.0,0.0004999999999999987,ETH,2366.12,647.6
2026-05-04T06:20:01.285567+00:00,ETH-26MAR27-3300-P,2430.22,ETH-26MAR27,put,3300.0,2027-03-26T08:00:00+00:00,0.8927294443947892,0.4,0.6065,0.487546,0.50325,2430.22,ETH-26MAR27,0.6257,-0.58807,8.93448,0.0,0.0,0.20650000000000002,ETH,2365.47,0.0
2026-05-04T06:20:01.285567+00:00,ETH-31JUL26-2200-P,2378.1553846153847,SYN.ETH-31JUL26,put,2200.0,2026-07-31T08:00:00+00:00,0.24112095705734912,0.076,0.0775,0.076676,0.07675,2378.1553846153847,SYN.ETH-31JUL26,0.5859000000000001,-0.34009,4.27789,127.0,1.0,0.0015000000000000013,ETH,2365.47,200.29
2026-05-04T06:20:01.285567+00:00,ETH-29MAY26-1950-P,2369.05,ETH-29MAY26,put,1950.0,2026-05-29T08:00:00+00:00,0.06863635746802672,0.007,0.008,0.007485,0.0075,2369.05,ETH-29MAY26,0.6023,-0.09542,1.05207,5949.0,71.0,0.001,ETH,2365.47,1656.09
2026-05-04T06:20:01.285567+00:00,ETH-25SEP26-14000-C,2388.19,ETH-25SEP26,call,14000.0,2026-09-25T08:00:00+00:00,0.3944406011367468,,0.0003,0.000188,,2388.19,ETH-25SEP26,0.8636,0.0014,0.06855,1200.0,0.0,,ETH,2365.21,0.0
2026-05-04T06:20:01.285567+00:00,ETH-31JUL26-2500-C,2378.1553846153847,SYN.ETH-31JUL26,call,2500.0,2026-07-31T08:00:00+00:00,0.24112095705734912,0.091,0.092,0.091345,0.0915,2378.1553846153847,SYN.ETH-31JUL26,0.5751,0.48527,4.65538,49.0,0.0,0.0010000000000000009,ETH,2365.47,0.0
2026-05-04T06:20:01.285567+00:00,ETH-26JUN26-6800-C,2371.65,ETH-26JUN26,call,6800.0,2026-06-26T08:00:00+00:00,0.14529617950772558,,0.0002,0.000171,,2371.65,ETH-26JUN26,0.8998999999999999,0.00187,0.05378,1138.0,0.0,,ETH,2365.21,0.0
2026-05-04T06:20:01.285567+00:00,ETH-29MAY26-2350-C,2369.03,ETH-29MAY26,call,2350.0,2026-05-29T08:00:00+00:00,0.06863635746802672,0.0585,0.06,0.059175,0.05925,2369.03,ETH-29MAY26,0.5292,0.54887,2.45655,7273.0,122.0,0.0014999999999999944,ETH,2365.21,14028.39
2026-05-04T06:20:01.285567+00:00,ETH-26JUN26-4800-P,2371.79,ETH-26JUN26,put,4800.0,2026-06-26T08:00:00+00:00,0.14529617950772558,0.9365,1.1215,1.024142,1.029,2371.79,ETH-26JUN26,0.6779999999999999,-0.99533,0.12289,340.0,0.0,0.18499999999999994,ETH,2365.21,0.0
2026-05-04T06:20:01.285567+00:00,ETH-25DEC26-1400-C,2408.55,ETH-25DEC26,call,1400.0,2026-12-25T08:00:00+00:00,0.643585022765768,0.4505,0.457,0.453678,0.45375,2408.55,ETH-25DEC26,0.6849,0.89622,3.48176,642.0,0.0,0.006500000000000006,ETH,2365.21,0.0
2026-05-04T06:20:01.285567+00:00,ETH-29MAY26-3400-P,2369.03,ETH-29MAY26,put,3400.0,2026-05-29T08:00:00+00:00,0.06863635746802672,0.3735,0.506,0.435844,0.43975,2369.03,ETH-29MAY26,0.596,-0.98745,0.20144,3.0,0.0,0.1325,ETH,2365.21,0.0
2026-05-04T06:20:01.285567+00:00,ETH-26MAR27-2600-P,2430.22,ETH-26MAR27,put,2600.0,2027-03-26T08:00:00+00:00,0.8927294443947892,0.275,0.2835,0.278446,0.27925,2430.22,ETH-26MAR27,0.6294,-0.42747,9.00572,360.0,0.0,0.008499999999999952,ETH,2365.21,0.0
2026-05-04T06:20:01.285567+00:00,ETH-5MAY26-2500-P,2366.95,index_price,put,2500.0,2026-05-05T08:00:00+00:00,0.002927938576856288,0.047,0.066,0.056537,0.0565,,,0.5740999999999999,-0.96164,0.10648,0.0,0.0,0.019000000000000003,ETH,2365.21,0.0
2026-05-04T06:20:01.285567+00:00,ETH-25SEP26-4600-C,2388.21,ETH-25SEP26,call,4600.0,2026-09-25T08:00:00+00:00,0.3944406011367468,0.0095,0.0105,0.009908,0.01,2388.21,ETH-25SEP26,0.6169,0.06692,1.94447,3089.0,4.0,0.0010000000000000009,ETH,2365.25,95.43
2026-05-04T06:20:01.285567+00:00,ETH-26MAR27-2800-C,2430.22,ETH-26MAR27,call,2800.0,2027-03-26T08:00:00+00:00,0.8927294443947892,0.18,0.184,0.181782,0.182,2430.22,ETH-26MAR27,0.6275,0.5226,9.1429,116.0,0.0,0.0040000000000000036,ETH,2365.25,0.0
2026-05-04T06:20:01.285567+00:00,ETH-25SEP26-10000-C,2388.19,ETH-25SEP26,call,10000.0,2026-09-25T08:00:00+00:00,0.3944406011367468,0.0002,0.0005,0.000243,0.00035,2388.19,ETH-25SEP26,0.7342,0.00202,0.09588,1581.0,0.0,0.00030000000000000003,ETH,2365.25,0.0
2026-05-04T06:20:01.285567+00:00,ETH-29MAY26-2600-P,2369.05,ETH-29MAY26,put,2600.0,2026-05-29T08:00:00+00:00,0.06863635746802672,0.117,0.1205,0.119005,0.11875,2369.05,ETH-29MAY26,0.5262,-0.72941,2.05346,102.0,0.0,0.0034999999999999892,ETH,2365.25,0.0
2026-05-04T06:20:01.285567+00:00,ETH-5MAY26-2600-C,2366.95,index_price,call,2600.0,2026-05-05T08:00:00+00:00,0.002927938576856288,0.0001,0.0002,0.000131,0.00015,,,0.737,0.00933,0.03206,510.0,520.0,0.0001,ETH,2365.25,150.23
2026-05-04T06:20:01.285567+00:00,ETH-25SEP26-3800-P,2388.19,ETH-25SEP26,put,3800.0,2026-09-25T08:00:00+00:00,0.3944406011367468,0.603,0.6265,0.616049,0.61475,2388.19,ETH-25SEP26,0.6015999999999999,-0.85124,3.47645,986.0,0.0,0.023499999999999965,ETH,2364.88,0.0
2026-05-04T06:20:01.285567+00:00,ETH-25SEP26-16000-C,2388.19,ETH-25SEP26,call,16000.0,2026-09-25T08:00:00+00:00,0.3944406011367468,,0.0001,9.9e-05,,2388.19,ETH-25SEP26,0.8776999999999999,0.00075,0.03877,7426.0,33.0,,ETH,2364.88,7.77
2026-05-04T06:20:01.285567+00:00,ETH-6MAY26-2550-P,2366.95,index_price,put,2550.0,2026-05-06T08:00:00+00:00,0.005665789363988389,0.068,0.1095,0.07796,0.08875,,,0.5636,-0.96041,0.15207,0.0,0.0,0.041499999999999995,ETH,2364.88,0.0
2026-05-04T06:20:01.285567+00:00,ETH-7MAY26-2475-C,2366.95,index_price,call,2475.0,2026-05-07T08:00:00+00:00,0.008403640151120492,0.0038,0.0042,0.003944,0.004,,,0.4913,0.16166,0.53098,5.0,5.0,0.00039999999999999975,ETH,2364.88,49.66
2026-05-04T06:20:01.285567+00:00,ETH-25DEC26-3300-P,2408.54,ETH-25DEC26,put,3300.0,2026-12-25T08:00:00+00:00,0.643585022765768,0.4505,0.4655,0.460145,0.458,2408.54,ETH-25DEC26,0.6149,-0.6529,7.1312,0.0,0.0,0.015000000000000013,ETH,2364.88,0.0
2026-05-04T06:20:01.285567+00:00,ETH-25DEC26-3400-C,2408.55,ETH-25DEC26,call,3400.0,2026-12-25T08:00:00+00:00,0.643585022765768,0.0815,0.083,0.082544,0.08225,2408.55,ETH-25DEC26,0.6149,0.32492,6.94871,1359.0,0.0,0.0015000000000000013,ETH,2364.88,0.0
2026-05-04T06:20:01.285567+00:00,ETH-25SEP26-3200-C,2388.19,ETH-25SEP26,call,3200.0,2026-09-25T08:00:00+00:00,0.3944406011367468,0.052,0.0535,0.052884,0.05275,2388.19,ETH-25SEP26,0.5941,0.27436,4.99623,6297.0,44.0,0.0015000000000000013,ETH,2364.6,5150.8
2026-05-04T06:20:01.285567+00:00,ETH-25SEP26-6200-P,2388.21,ETH-25SEP26,put,6200.0,2026-09-25T08:00:00+00:00,0.3944406011367468,1.4945,1.716,1.598339,1.60525,2388.21,ETH-25SEP26,0.6543000000000001,-0.9829,0.63497,0.0,0.0,0.22150000000000003,ETH,2364.6,0.0
2026-05-04T06:20:01.285567+00:00,ETH-25DEC26-2000-C,2408.54,ETH-25DEC26,call,2000.0,2026-12-25T08:00:00+00:00,0.643585022765768,0.277,0.283,0.280018,0.28,2408.54,ETH-25DEC26,0.6325,0.73169,6.36422,1924.0,0.0,0.00599999999999995,ETH,2364.88,0.0
2026-05-04T06:20:01.285567+00:00,ETH-7MAY26-2350-P,2366.95,index_price,put,2350.0,2026-05-07T08:00:00+00:00,0.008403640151120492,0.0135,0.0145,0.013969,0.014,,,0.4783,-0.4352,0.85325,46.0,46.0,0.0010000000000000009,ETH,2364.6,1463.19
2026-05-04T06:20:01.285567+00:00,ETH-25SEP26-1000-P,2388.19,ETH-25SEP26,put,1000.0,2026-09-25T08:00:00+00:00,0.3944406011367468,0.005,0.0055,0.005524,0.00525,2388.19,ETH-25SEP26,0.8044,-0.02421,0.85272,2475.0,0.0,0.0004999999999999996,ETH,2364.61,0.0
2026-05-04T06:20:01.285567+00:00,ETH-25SEP26-1000-C,2388.21,ETH-25SEP26,call,1000.0,2026-09-25T08:00:00+00:00,0.3944406011367468,0.584,0.5895,0.586798,0.58675,2388.21,ETH-25SEP26,0.8044,0.97579,0.85271,73.0,0.0,0.00550000000000006,ETH,2364.61,0.0
2026-05-04T06:20:01.285567+00:00,ETH-5MAY26-2200-C,2366.95,index_price,call,2200.0,2026-05-05T08:00:00+00:00,0.002927938576856288,0.057,0.093,0.070958,0.075,,,0.6642,0.97887,0.06484,41.0,40.0,0.036,ETH,2364.6,4440.53
2026-05-04T06:20:01.285567+00:00,ETH-29MAY26-1500-P,2369.05,ETH-29MAY26,put,1500.0,2026-05-29T08:00:00+00:00,0.06863635746802672,0.0007,0.0011,0.000907,0.0009,2369.05,ETH-29MAY26,0.8061,-0.01177,0.19043,3679.0,0.0,0.0004000000000000001,ETH,2364.6,0.0
2026-05-04T06:20:01.285567+00:00,ETH-6MAY26-2450-P,2366.95,index_price,put,2450.0,2026-05-06T08:00:00+00:00,0.005665789363988389,0.0315,0.044,0.038544,0.03775,,,0.48950000000000005,-0.82751,0.45446,0.0,0.0,0.012499999999999997,ETH,2364.61,0.0
2026-05-04T06:20:01.285567+00:00,ETH-5MAY26-2000-C,2366.95,index_price,call,2000.0,2026-05-05T08:00:00+00:00,0.002927938576856288,0.1495,0.1625,0.155179,0.156,,,0.8785,0.99981,0.00094,0.0,0.0,0.013000000000000012,ETH,2364.61,0.0
2026-05-04T06:20:01.285567+00:00,ETH-26JUN26-2200-C,2371.79,ETH-26JUN26,call,2200.0,2026-06-26T08:00:00+00:00,0.14529617950772558,0.1235,0.128,0.124464,0.12575,2371.79,ETH-26JUN26,0.5695,0.67375,3.2568,7499.0,15.0,0.004500000000000004,ETH,2364.61,4441.69
2026-05-04T06:20:01.285567+00:00,ETH-25DEC26-1800-C,2408.55,ETH-25DEC26,call,1800.0,2026-12-25T08:00:00+00:00,0.643585022765768,0.328,0.3345,0.331205,0.33125,2408.55,ETH-25DEC26,0.644,0.7938,5.50447,326.0,0.0,0.006500000000000006,ETH,2364.61,0.0
2026-05-04T06:20:01.285567+00:00,ETH-25DEC26-800-P,2408.55,ETH-25DEC26,put,800.0,2026-12-25T08:00:00+00:00,0.643585022765768,0.007,0.0075,0.007316,0.00725,2408.55,ETH-25DEC26,0.8254,-0.02311,1.05607,1015.0,0.0,0.0004999999999999996,ETH,2364.61,0.0
2026-05-04T06:20:01.285567+00:00,ETH-5MAY26-2325-P,2366.95,index_price,put,2325.0,2026-05-05T08:00:00+00:00,0.002927938576856288,0.0038,0.0041,0.00381,0.00395,,,0.4854,-0.2558,0.41115,336.0,412.0,0.00030000000000000035,ETH,2364.61,5990.15
2026-05-04T06:20:01.285567+00:00,ETH-26MAR27-4800-P,2430.22,ETH-26MAR27,put,4800.0,2027-03-26T08:00:00+00:00,0.8927294443947892,0.92,1.167,1.026849,1.0435,2430.22,ETH-26MAR27,0.6325,-0.79995,6.42449,0.0,0.0,0.247,ETH,2364.2,0.0
2026-05-04T06:20:01.285567+00:00,ETH-7MAY26-2275-C,2366.95,index_price,call,2275.0,2026-05-07T08:00:00+00:00,0.008403640151120492,0.0385,0.05,0.043996,0.04425,,,0.5057,0.8029,0.60138,0.0,0.0,0.011500000000000003,ETH,2364.2,0.0
2026-05-04T06:20:01.285567+00:00,ETH-31JUL26-4200-P,2378.233076923077,SYN.ETH-31JUL26,put,4200.0,2026-07-31T08:00:00+00:00,0.24112095705734912,0.6985,0.7915,0.770319,0.745,2378.233076923077,SYN.ETH-31JUL26,0.6041,-0.9618,0.96854,0.0,0.0,0.09299999999999997,ETH,2364.2,0.0
2026-05-04T06:20:01.285567+00:00,ETH-25SEP26-5200-C,2388.19,ETH-25SEP26,call,5200.0,2026-09-25T08:00:00+00:00,0.3944406011367468,0.005,0.006,0.005419,0.0055,2388.19,ETH-25SEP26,0.6314,0.03869,1.257,1326.0,0.0,0.001,ETH,2364.04,0.0
2026-05-04T06:20:01.285567+00:00,ETH-26JUN26-3000-C,2371.65,ETH-26JUN26,call,3000.0,2026-06-26T08:00:00+00:00,0.14529617950772558,0.016,0.017,0.016611,0.0165,2371.65,ETH-26JUN26,0.5622,0.15992,2.19698,10546.0,86.0,0.0010000000000000009,ETH,2364.04,3203.34
2026-05-04T06:20:01.285567+00:00,ETH-8MAY26-2300-C,2367.21,ETH-8MAY26,call,2300.0,2026-05-08T08:00:00+00:00,0.011141490938252592,0.0365,0.039,0.037943,0.03775,2367.21,ETH-8MAY26,0.4979,0.70946,0.85504,8574.0,142.0,0.0025000000000000022,ETH,2364.2,10744.58
2026-05-04T06:20:01.285567+00:00,ETH-31JUL26-2700-P,2378.1553846153847,SYN.ETH-31JUL26,put,2700.0,2026-07-31T08:00:00+00:00,0.24112095705734912,0.1915,0.202,0.199198,0.19675,2378.1553846153847,SYN.ETH-31JUL26,0.5738,-0.62312,4.43122,0.0,0.0,0.01050000000000001,ETH,2364.2,0.0
2026-05-04T06:20:01.285567+00:00,ETH-31JUL26-2600-P,2378.1553846153847,SYN.ETH-31JUL26,put,2600.0,2026-07-31T08:00:00+00:00,0.24112095705734912,0.169,0.1705,0.169737,0.16975,2378.1553846153847,SYN.ETH-31JUL26,0.5736,-0.57137,4.57999,1.0,0.0,0.0015000000000000013,ETH,2364.2,0.0
2026-05-04T06:20:01.285567+00:00,ETH-25DEC26-1500-P,2408.55,ETH-25DEC26,put,1500.0,2026-12-25T08:00:00+00:00,0.643585022765768,0.0425,0.044,0.043475,0.04325,2408.55,ETH-25DEC26,0.6718000000000001,-0.12601,3.99574,3776.0,0.0,0.0014999999999999944,ETH,2364.04,0.0
2026-05-04T06:20:01.285567+00:00,ETH-29MAY26-3200-P,2369.03,ETH-29MAY26,put,3200.0,2026-05-29T08:00:00+00:00,0.06863635746802672,0.3385,0.3665,0.352227,0.3525,2369.03,ETH-29MAY26,0.5726,-0.97353,0.3802,5.0,0.0,0.02799999999999997,ETH,2364.04,0.0
2026-05-04T06:20:01.285567+00:00,ETH-26JUN26-8500-C,2371.79,ETH-26JUN26,call,8500.0,2026-06-26T08:00:00+00:00,0.14529617950772558,,0.0001,9e-05,,2371.79,ETH-26JUN26,1.013,0.00092,0.02818,4109.0,0.0,,ETH,2364.22,0.0
2026-05-04T06:20:01.285567+00:00,ETH-25DEC26-2000-P,2408.54,ETH-25DEC26,put,2000.0,2026-12-25T08:00:00+00:00,0.643585022765768,0.1095,0.1115,0.110397,0.1105,2408.54,ETH-25DEC26,0.6325,-0.26855,6.36472,7066.0,0.0,0.0020000000000000018,ETH,2364.04,0.0
2026-05-04T06:20:01.285567+00:00,ETH-26JUN26-7400-P,2371.65,ETH-26JUN26,put,7400.0,2026-06-26T08:00:00+00:00,0.14529617950772558,1.9855,2.2685,2.120102,2.127,2371.65,ETH-26JUN26,0.9197,-0.99894,0.03212,0.0,0.0,0.2829999999999999,ETH,2364.22,0.0
2026-05-04T06:20:01.285567+00:00,ETH-22MAY26-2400-P,2368.585,SYN.ETH-22MAY26,put,2400.0,2026-05-22T08:00:00+00:00,0.049471401958102006,0.052,0.0535,0.052681,0.05275,2368.585,SYN.ETH-22MAY26,0.5121,-0.5272,2.09511,167.0,167.0,0.0015000000000000013,ETH,2364.22,19931.69
2026-05-04T06:20:01.285567+00:00,ETH-26JUN26-11000-P,2371.79,ETH-26JUN26,put,11000.0,2026-06-26T08:00:00+00:00,0.14529617950772558,3.4385,3.8565,3.637861,3.6475,2371.79,ETH-26JUN26,1.0534999999999999,-0.99985,0.00511,0.0,0.0,0.41800000000000015,ETH,2364.22,0.0
2026-05-04T06:20:01.285567+00:00,ETH-26MAR27-4200-C,2430.22,ETH-26MAR27,call,4200.0,2027-03-26T08:00:00+00:00,0.8927294443947892,0.072,0.0745,0.073034,0.07325,2430.22,ETH-26MAR27,0.6272,0.26489,7.51356,1210.0,0.0,0.0025000000000000022,ETH,2364.22,0.0
2026-05-04T06:20:01.285567+00:00,ETH-25DEC26-800-C,2408.55,ETH-25DEC26,call,800.0,2026-12-25T08:00:00+00:00,0.643585022765768,0.6725,0.677,0.675165,0.67475,2408.55,ETH-25DEC26,0.8254,0.97688,1.05641,150.0,0.0,0.0045000000000000595,ETH,2364.22,0.0
2026-05-04T06:20:01.285567+00:00,ETH-8MAY26-2500-C,2367.21,ETH-8MAY26,call,2500.0,2026-05-08T08:00:00+00:00,0.011141490938252592,0.0039,0.0042,0.004009,0.00405,2367.21,ETH-8MAY26,0.49060000000000004,0.1468,0.57358,7915.0,274.0,0.0002999999999999999,ETH,2364.22,1402.44
2026-05-04T06:20:01.285567+00:00,ETH-25DEC26-5500-C,2408.54,ETH-25DEC26,call,5500.0,2026-12-25T08:00:00+00:00,0.643585022765768,0.016,0.0175,0.016626,0.01675,2408.54,ETH-25DEC26,0.6347999999999999,0.08554,3.01788,1537.0,4.0,0.0015000000000000013,ETH,2364.22,145.02
2026-05-04T06:20:01.285567+00:00,ETH-26MAR27-4500-C,2430.37,ETH-26MAR27,call,4500.0,2027-03-26T08:00:00+00:00,0.8927294443947892,0.06,0.063,0.06147,0.0615,2430.37,ETH-26MAR27,0.6302,0.23016,6.96966,995.0,15.0,0.0030000000000000027,ETH,2364.24,2182.7
2026-05-04T06:20:01.285567+00:00,ETH-29MAY26-3400-C,2369.03,ETH-29MAY26,call,3400.0,2026-05-29T08:00:00+00:00,0.06863635746802672,0.0005,0.0008,0.000657,0.00065,2369.03,ETH-29MAY26,0.596,0.01244,0.19988,2611.0,5.0,0.00030000000000000003,ETH,2364.24,7.85
2026-05-04T06:20:01.285567+00:00,ETH-25DEC26-4000-C,2408.54,ETH-25DEC26,call,4000.0,2026-12-25T08:00:00+00:00,0.643585022765768,0.0495,0.0515,0.050257,0.0505,2408.54,ETH-25DEC26,0.6192,0.21916,5.70299,6235.0,0.0,0.001999999999999995,ETH,2364.24,0.0
2026-05-04T06:20:01.285567+00:00,ETH-15MAY26-2600-P,2367.77,ETH-15MAY26,put,2600.0,2026-05-15T08:00:00+00:00,0.030306446448177298,0.096,0.1355,0.104833,0.11575,2367.77,ETH-15MAY26,0.5042,-0.8497,0.96143,0.0,0.0,0.03950000000000001,ETH,2364.24,0.0
2026-05-04T06:20:01.285567+00:00,ETH-25SEP26-9000-P,2388.19,ETH-25SEP26,put,9000.0,2026-09-25T08:00:00+00:00,0.3944406011367468,2.6065,2.9495,2.768887,2.778,2388.19,ETH-25SEP26,0.7106999999999999,-0.99703,0.13608,0.0,0.0,0.34299999999999997,ETH,2364.26,0.0
2026-05-04T06:20:01.285567+00:00,ETH-29MAY26-1600-C,2369.05,ETH-29MAY26,call,1600.0,2026-05-29T08:00:00+00:00,0.06863635746802672,0.3245,0.328,0.326038,0.32625,2369.05,ETH-29MAY26,0.7536,0.98127,0.28395,2577.0,0.0,0.003500000000000003,ETH,2364.24,0.0
2026-05-04T06:20:01.285567+00:00,ETH-26JUN26-5500-P,2371.79,ETH-26JUN26,put,5500.0,2026-06-26T08:00:00+00:00,0.14529617950772558,1.2195,1.4305,1.319163,1.325,2371.79,ETH-26JUN26,0.7614,-0.99707,0.08094,134.0,0.0,0.21100000000000008,ETH,2364.26,0.0
2026-05-04T06:20:01.285567+00:00,ETH-25SEP26-1200-C,2388.21,ETH-25SEP26,call,1200.0,2026-09-25T08:00:00+00:00,0.3944406011367468,0.505,0.5115,0.507628,0.50825,2388.21,ETH-25SEP26,0.7433,0.9559,1.39762,0.0,0.0,0.00649999999999995,ETH,2364.26,0.0
2026-05-04T06:20:01.285567+00:00,ETH-29MAY26-1850-P,2369.05,ETH-29MAY26,put,1850.0,2026-05-29T08:00:00+00:00,0.06863635746802672,0.0043,0.0047,0.004463,0.0045,2369.05,ETH-29MAY26,0.6358,-0.05929,0.73189,2942.0,21.0,0.0004000000000000002,ETH,2364.26,291.6
2026-05-04T06:20:01.285567+00:00,ETH-26JUN26-2000-P,2371.65,ETH-26JUN26,put,2000.0,2026-06-26T08:00:00+00:00,0.14529617950772558,0.0265,0.0275,0.026983,0.027,2371.65,ETH-26JUN26,0.5934,-0.19444,2.48615,19535.0,3.0,0.0010000000000000009,ETH,2364.26,187.13
2026-05-04T06:20:01.285567+00:00,ETH-22MAY26-2300-C,2368.555,SYN.ETH-22MAY26,call,2300.0,2026-05-22T08:00:00+00:00,0.049471401958102006,0.06,0.062,0.061237,0.061,2368.555,SYN.ETH-22MAY26,0.5183,0.61856,2.00626,188.0,50.0,0.0020000000000000018,ETH,2364.35,5542.49
2026-05-04T06:20:01.285567+00:00,ETH-22MAY26-2700-P,2368.555,SYN.ETH-22MAY26,put,2700.0,2026-05-22T08:00:00+00:00,0.049471401958102006,0.138,0.1815,0.147843,0.15975,2368.555,SYN.ETH-22MAY26,0.5191,-0.86156,1.16241,0.0,0.0,0.04349999999999998,ETH,2364.35,0.0
2026-05-04T06:20:01.285567+00:00,ETH-22MAY26-2400-C,2368.555,SYN.ETH-22MAY26,call,2400.0,2026-05-22T08:00:00+00:00,0.049471401958102006,0.039,0.04,0.039396,0.0395,2368.555,SYN.ETH-22MAY26,0.5121,0.47226,2.09459,417.0,5.0,0.0010000000000000009,ETH,2364.35,474.61
2026-05-04T06:20:01.285567+00:00,ETH-25SEP26-3000-C,2388.19,ETH-25SEP26,call,3000.0,2026-09-25T08:00:00+00:00,0.3944406011367468,0.0675,0.069,0.068638,0.06825,2388.19,ETH-25SEP26,0.594,0.33446,5.45646,13628.0,0.0,0.0015000000000000013,ETH,2364.35,0.0
2026-05-04T06:20:01.285567+00:00,ETH-25SEP26-4000-P,2388.19,ETH-25SEP26,put,4000.0,2026-09-25T08:00:00+00:00,0.3944406011367468,0.6785,0.777,0.694417,0.72775,2388.19,ETH-25SEP26,0.6046,-0.87919,3.0122,137.0,0.0,0.09850000000000003,ETH,2364.35,0.0
2026-05-04T06:20:01.285567+00:00,ETH-25SEP26-6500-P,2388.21,ETH-25SEP26,put,6500.0,2026-09-25T08:00:00+00:00,0.3944406011367468,1.6045,1.859,1.723446,1.73175,2388.21,ETH-25SEP26,0.6592,-0.98656,0.5164,0.0,0.0,0.25449999999999995,ETH,2364.35,0.0
2026-05-04T06:20:01.285567+00:00,ETH-26JUN26-6500-P,2371.65,ETH-26JUN26,put,6500.0,2026-06-26T08:00:00+00:00,0.14529617950772558,1.623,1.872,1.740719,1.7475,2371.65,ETH-26JUN26,0.8667,-0.99807,0.05554,60.0,0.0,0.2490000000000001,ETH,2364.41,0.0
2026-05-04T06:20:01.285567+00:00,ETH-5MAY26-2350-P,2366.95,index_price,put,2350.0,2026-05-05T08:00:00+00:00,0.002927938576856288,0.007,0.0075,0.00703,0.00725,,,0.47840000000000005,-0.40193,0.49442,346.0,424.0,0.0004999999999999996,ETH,2364.35,8213.57
2026-05-04T06:20:01.285567+00:00,ETH-7MAY26-2250-P,2366.95,index_price,put,2250.0,2026-05-07T08:00:00+00:00,0.008403640151120492,0.0033,0.0036,0.003397,0.00345,,,0.5202,-0.1439,0.49144,97.0,104.0,0.0002999999999999999,ETH,2364.41,1878.99
2026-05-04T06:20:01.285567+00:00,ETH-25SEP26-5800-P,2388.21,ETH-25SEP26,put,5800.0,2026-09-25T08:00:00+00:00,0.3944406011367468,1.3625,1.4895,1.431747,1.426,2388.21,ETH-25SEP26,0.6454000000000001,-0.97659,0.82906,0.0,0.0,0.127,ETH,2364.41,0.0
2026-05-04T06:20:01.285567+00:00,ETH-26JUN26-8500-P,2371.65,ETH-26JUN26,put,8500.0,2026-06-26T08:00:00+00:00,0.14529617950772558,2.4295,2.7545,2.583881,2.592,2371.65,ETH-26JUN26,1.013,-0.99908,0.02823,0.0,0.0,0.3250000000000002,ETH,2364.41,0.0
2026-05-04T06:20:01.285567+00:00,ETH-25SEP26-2600-C,2388.19,ETH-25SEP26,call,2600.0,2026-09-25T08:00:00+00:00,0.3944406011367468,0.114,0.115,0.114507,0.1145,2388.19,ETH-25SEP26,0.5953,0.4828,5.97356,1014.0,0.0,0.0010000000000000009,ETH,2364.41,0.0
2026-05-04T06:20:01.285567+00:00,ETH-25SEP26-7000-P,2388.19,ETH-25SEP26,put,7000.0,2026-09-25T08:00:00+00:00,0.3944406011367468,1.805,2.076,1.932168,1.9405,2388.19,ETH-25SEP26,0.6633,-0.99122,0.35644,0.0,0.0,0.27100000000000013,ETH,2364.62,0.0
2026-05-04T06:20:01.285567+00:00,ETH-7MAY26-2325-P,2366.95,index_price,put,2325.0,2026-05-07T08:00:00+00:00,0.008403640151120492,0.01,0.0105,0.010018,0.01025,,,0.48460000000000003,-0.34468,0.79823,47.0,62.0,0.0005000000000000004,ETH,2364.41,1470.81
2026-05-04T06:20:01.285567+00:00,ETH-25SEP26-1900-C,2388.19,ETH-25SEP26,call,1900.0,2026-09-25T08:00:00+00:00,0.3944406011367468,0.2605,0.269,0.264395,0.26475,2388.19,ETH-25SEP26,0.624,0.78131,4.42256,149.0,0.0,0.008500000000000008,ETH,2364.62,0.0
2026-05-04T06:20:01.285567+00:00,ETH-25DEC26-2300-C,2408.55,ETH-25DEC26,call,2300.0,2026-12-25T08:00:00+00:00,0.643585022765768,0.214,0.218,0.215835,0.216,2408.55,ETH-25DEC26,0.6214999999999999,0.63282,7.27056,1120.0,0.0,0.0040000000000000036,ETH,2364.41,0.0
2026-05-04T06:20:01.285567+00:00,ETH-26JUN26-2900-C,2371.65,ETH-26JUN26,call,2900.0,2026-06-26T08:00:00+00:00,0.14529617950772558,0.0215,0.022,0.021772,0.02175,2371.65,ETH-26JUN26,0.5589999999999999,0.20006,2.52983,13974.0,3.0,0.0005000000000000004,ETH,2364.62,165.48
2026-05-04T06:20:01.285567+00:00,ETH-26JUN26-6400-C,2371.79,ETH-26JUN26,call,6400.0,2026-06-26T08:00:00+00:00,0.14529617950772558,,0.0002,0.000173,,2371.79,ETH-26JUN26,0.8552,0.00196,0.05624,1144.0,0.0,,ETH,2364.62,0.0
2026-05-04T06:20:01.285567+00:00,ETH-8MAY26-2350-P,2367.21,ETH-8MAY26,put,2350.0,2026-05-08T08:00:00+00:00,0.011141490938252592,0.0165,0.0175,0.016858,0.017,2367.21,ETH-8MAY26,0.4843,-0.44085,0.98487,2869.0,383.0,0.0010000000000000009,ETH,2364.62,19207.51
2026-05-04T06:20:01.285567+00:00,ETH-29MAY26-2300-P,2369.05,ETH-29MAY26,put,2300.0,2026-05-29T08:00:00+00:00,0.06863635746802672,0.041,0.042,0.041521,0.0415,2369.05,ETH-29MAY26,0.5329999999999999,-0.39184,2.38282,8021.0,5101.0,0.0010000000000000009,ETH,2364.62,613259.74
2026-05-04T06:20:01.285567+00:00,ETH-26JUN26-4400-C,2371.79,ETH-26JUN26,call,4400.0,2026-06-26T08:00:00+00:00,0.14529617950772558,0.0006,0.001,0.000758,0.0008,2371.79,ETH-26JUN26,0.6576000000000001,0.00958,0.23192,6196.0,0.0,0.0004000000000000001,ETH,2364.77,0.0
2026-05-04T06:20:01.285567+00:00,ETH-26MAR27-3700-C,2430.22,ETH-26MAR27,call,3700.0,2027-03-26T08:00:00+00:00,0.8927294443947892,0.098,0.102,0.099996,0.1,2430.22,ETH-26MAR27,0.626,0.33865,8.39554,30.0,0.0,0.00399999999999999,ETH,2364.62,0.0
2026-05-04T06:20:01.285567+00:00,ETH-26MAR27-5000-C,2430.22,ETH-26MAR27,call,5000.0,2027-03-26T08:00:00+00:00,0.8927294443947892,0.0455,0.048,0.046435,0.04675,2430.22,ETH-26MAR27,0.6341,0.18259,6.07617,582.0,1.0,0.0025000000000000022,ETH,2364.77,103.98
2026-05-04T06:20:01.285567+00:00,ETH-5MAY26-2375-P,2366.95,index_price,put,2375.0,2026-05-05T08:00:00+00:00,0.002927938576856288,0.0115,0.0125,0.011991,0.012,,,0.4765,-0.56154,0.50392,98.0,98.0,0.0010000000000000009,ETH,2364.77,2652.39
2026-05-04T06:20:01.285567+00:00,ETH-8MAY26-2600-P,2367.36,ETH-8MAY26,put,2600.0,2026-05-08T08:00:00+00:00,0.011141490938252592,0.089,0.115,0.099329,0.102,2367.36,ETH-8MAY26,0.5239,-0.95405,0.24063,1.0,0.0,0.02600000000000001,ETH,2364.77,0.0
2026-05-04T06:20:01.285567+00:00,ETH-7MAY26-2250-C,2366.95,index_price,call,2250.0,2026-05-07T08:00:00+00:00,0.008403640151120492,0.0475,0.0595,0.053048,0.0535,,,0.5202,0.85679,0.48992,0.0,0.0,0.011999999999999997,ETH,2364.77,0.0
2026-05-04T06:20:01.285567+00:00,ETH-8MAY26-2550-P,2367.21,ETH-8MAY26,put,2550.0,2026-05-08T08:00:00+00:00,0.011141490938252592,0.0705,0.0985,0.079142,0.0845,2367.21,ETH-8MAY26,0.502,-0.9184,0.37673,25.0,0.0,0.02800000000000001,ETH,2364.77,0.0
2026-05-04T06:20:01.285567+00:00,ETH-31JUL26-2450-C,2378.1553846153847,SYN.ETH-31JUL26,call,2450.0,2026-07-31T08:00:00+00:00,0.24112095705734912,0.099,0.1005,0.099723,0.09975,2378.1553846153847,SYN.ETH-31JUL26,0.5761,0.51317,4.65332,149.0,1.0,0.0015000000000000013,ETH,2364.77,212.13
2026-05-04T06:20:01.285567+00:00,ETH-6MAY26-2175-P,2366.95,index_price,put,2175.0,2026-05-06T08:00:00+00:00,0.005665789363988389,0.0006,0.0008,0.000688,0.0007,,,0.6325,-0.03739,0.14514,1094.0,1100.0,0.0002000000000000001,ETH,2364.77,3041.12
2026-05-04T06:20:01.285567+00:00,ETH-25SEP26-2700-P,2388.19,ETH-25SEP26,put,2700.0,2026-09-25T08:00:00+00:00,0.3944406011367468,0.23,0.2315,0.231297,0.23075,2388.19,ETH-25SEP26,0.594,-0.55755,5.91786,325.0,19.0,0.0015000000000000013,ETH,2364.77,10512.78
2026-05-04T06:20:01.285567+00:00,ETH-26JUN26-8000-P,2371.79,ETH-26JUN26,put,8000.0,2026-06-26T08:00:00+00:00,0.14529617950772558,2.228,2.5335,2.373069,2.38075,2371.79,ETH-26JUN26,0.9701000000000001,-0.99905,0.02912,0.0,0.0,0.3054999999999999,ETH,2364.77,0.0
2026-05-04T06:20:01.285567+00:00,ETH-6MAY26-2250-P,2366.95,index_price,put,2250.0,2026-05-06T08:00:00+00:00,0.005665789363988389,0.0019,0.0022,0.002022,0.00205,,,0.5409,-0.107,0.32801,59.0,38.0,0.00030000000000000014,ETH,2364.77,358.25
2026-05-04T06:20:01.285567+00:00,ETH-22MAY26-2450-C,2368.555,SYN.ETH-22MAY26,call,2450.0,2026-05-22T08:00:00+00:00,0.049471401958102006,0.0305,0.0315,0.030882,0.031,2368.555,SYN.ETH-22MAY26,0.5104,0.40141,2.03571,386.0,367.0,0.0010000000000000009,ETH,2365.25,21892.64
2026-05-04T06:20:01.285567+00:00,ETH-26MAR27-2500-C,2430.22,ETH-26MAR27,call,2500.0,2027-03-26T08:00:00+00:00,0.8927294443947892,0.2215,0.2255,0.223625,0.2235,2430.22,ETH-26MAR27,0.6307,0.59836,8.87587,204.0,0.0,0.0040000000000000036,ETH,2364.77,0.0
2026-05-04T06:20:01.285567+00:00,ETH-26JUN26-5600-C,2371.65,ETH-26JUN26,call,5600.0,2026-06-26T08:00:00+00:00,0.14529617950772558,0.0001,0.0003,0.000195,0.0002,2371.65,ETH-26JUN26,0.7614,0.00243,0.06842,2160.0,0.0,0.00019999999999999998,ETH,2365.25,0.0
2026-05-04T06:20:01.285567+00:00,ETH-25SEP26-2300-C,2388.19,ETH-25SEP26,call,2300.0,2026-09-25T08:00:00+00:00,0.3944406011367468,0.165,0.1675,0.166052,0.16625,2388.19,ETH-25SEP26,0.6004999999999999,0.61247,5.74056,1817.0,200.0,0.0025000000000000022,ETH,2364.77,74165.15
2026-05-04T06:20:01.285567+00:00,ETH-25SEP26-1400-P,2388.19,ETH-25SEP26,put,1400.0,2026-09-25T08:00:00+00:00,0.3944406011367468,0.017,0.0185,0.017734,0.01775,2388.19,ETH-25SEP26,0.6965,-0.07536,2.12955,2118.0,1.0,0.0014999999999999979,ETH,2364.77,44.2
2026-05-04T06:20:01.285567+00:00,ETH-26MAR27-1500-P,2430.22,ETH-26MAR27,put,1500.0,2027-03-26T08:00:00+00:00,0.8927294443947892,0.061,0.0635,0.062399,0.06225,2430.22,ETH-26MAR27,0.6715000000000001,-0.14084,5.12985,1244.0,0.0,0.0025000000000000022,ETH,2365.25,0.0
2026-05-04T06:20:01.285567+00:00,ETH-26JUN26-10000-P,2371.65,ETH-26JUN26,put,10000.0,2026-06-26T08:00:00+00:00,0.14529617950772558,3.0345,3.4155,3.216259,3.225,2371.65,ETH-26JUN26,1.0534999999999999,-0.99964,0.01179,0.0,0.0,0.3810000000000002,ETH,2365.06,0.0
2026-05-04T06:20:01.285567+00:00,ETH-29MAY26-1700-P,2369.05,ETH-29MAY26,put,1700.0,2026-05-29T08:00:00+00:00,0.06863635746802672,0.002,0.0024,0.002198,0.0022,2369.05,ETH-29MAY26,0.7021,-0.02924,0.41329,17687.0,1010.0,0.00039999999999999975,ETH,2365.25,4590.93
2026-05-04T06:20:01.285567+00:00,ETH-26MAR27-1500-C,2430.22,ETH-26MAR27,call,1500.0,2027-03-26T08:00:00+00:00,0.8927294443947892,0.3995,0.504,0.445209,0.45175,2430.22,ETH-26MAR27,0.6715000000000001,0.85916,5.12985,0.0,0.0,0.10449999999999998,ETH,2365.25,0.0
2026-05-04T06:20:01.285567+00:00,ETH-6MAY26-2600-C,2366.95,index_price,call,2600.0,2026-05-06T08:00:00+00:00,0.005665789363988389,0.0003,0.0005,0.000443,0.0004,,,0.6294,0.02385,0.09999,106.0,43.0,0.00020000000000000004,ETH,2365.06,44.61
2026-05-04T06:20:01.285567+00:00,ETH-25SEP26-3800-C,2388.21,ETH-25SEP26,call,3800.0,2026-09-25T08:00:00+00:00,0.3944406011367468,0.0245,0.0255,0.024892,0.025,2388.21,ETH-25SEP26,0.6015999999999999,0.14876,3.47649,1717.0,0.0,0.0009999999999999974,ETH,2365.25,0.0
2026-05-04T06:20:01.285567+00:00,ETH-26JUN26-3000-P,2371.79,ETH-26JUN26,put,3000.0,2026-06-26T08:00:00+00:00,0.14529617950772558,0.277,0.286,0.281479,0.2815,2371.79,ETH-26JUN26,0.5622,-0.83947,2.20359,13315.0,1.0,0.008999999999999952,ETH,2365.06,650.91
2026-05-04T06:20:01.285567+00:00,ETH-29MAY26-3800-P,2369.05,ETH-29MAY26,put,3800.0,2026-05-29T08:00:00+00:00,0.06863635746802672,0.535,0.681,0.604212,0.608,2369.05,ETH-29MAY26,0.6505,-0.99644,0.06621,10.0,0.0,0.14600000000000002,ETH,2365.06,0.0
2026-05-04T06:20:01.285567+00:00,ETH-29MAY26-2650-C,2369.05,ETH-29MAY26,call,2650.0,2026-05-29T08:00:00+00:00,0.06863635746802672,0.017,0.0175,0.017216,0.01725,2369.05,ETH-29MAY26,0.5274,0.22747,1.87204,5504.0,34.0,0.0005000000000000004,ETH,2365.06,1196.0
2026-05-04T06:20:01.285567+00:00,ETH-25SEP26-3300-C,2388.21,ETH-25SEP26,call,3300.0,2026-09-25T08:00:00+00:00,0.3944406011367468,0.0455,0.047,0.046423,0.04625,2388.21,ETH-25SEP26,0.5945,0.24782,4.74196,16608.0,60.0,0.0015000000000000013,ETH,2365.06,5830.85
2026-05-04T06:20:01.285567+00:00,ETH-15MAY26-2500-P,2367.77,ETH-15MAY26,put,2500.0,2026-05-15T08:00:00+00:00,0.030306446448177298,0.069,0.0715,0.070253,0.07025,2367.77,ETH-15MAY26,0.4984,-0.72326,1.37879,18.0,0.0,0.0024999999999999883,ETH,2364.97,0.0
2026-05-04T06:20:01.285567+00:00,ETH-31JUL26-2150-P,2378.1553846153847,SYN.ETH-31JUL26,put,2150.0,2026-07-31T08:00:00+00:00,0.24112095705734912,0.0675,0.0685,0.068095,0.068,2378.1553846153847,SYN.ETH-31JUL26,0.589,-0.31197,4.12896,63.0,0.0,0.0010000000000000009,ETH,2364.97,0.0
2026-05-04T06:20:01.285567+00:00,ETH-15MAY26-2250-P,2367.77,ETH-15MAY26,put,2250.0,2026-05-15T08:00:00+00:00,0.030306446448177298,0.015,0.016,0.015474,0.0155,2367.77,ETH-15MAY26,0.5146000000000001,-0.27265,1.36871,2449.0,17.0,0.0010000000000000009,ETH,2364.97,669.7
2026-05-04T06:20:01.285567+00:00,ETH-26MAR27-3300-C,2430.22,ETH-26MAR27,call,3300.0,2027-03-26T08:00:00+00:00,0.8927294443947892,0.128,0.1315,0.129728,0.12975,2430.22,ETH-26MAR27,0.6257,0.41177,8.93141,34.0,0.0,0.003500000000000003,ETH,2364.97,0.0
2026-05-04T06:20:01.285567+00:00,ETH-26JUN26-3200-P,2371.79,ETH-26JUN26,put,3200.0,2026-06-26T08:00:00+00:00,0.14529617950772558,0.354,0.3635,0.35889,0.35875,2371.79,ETH-26JUN26,0.5704,-0.89845,1.60371,2420.0,0.0,0.009500000000000008,ETH,2364.82,0.0
2026-05-04T06:20:01.285567+00:00,ETH-26JUN26-2700-P,2371.65,ETH-26JUN26,put,2700.0,2026-06-26T08:00:00+00:00,0.14529617950772558,0.173,0.177,0.175894,0.175,2371.65,ETH-26JUN26,0.5573,-0.69424,3.16844,369.0,1.0,0.0040000000000000036,ETH,2364.82,412.5
2026-05-04T06:20:01.285567+00:00,ETH-29MAY26-1900-C,2369.03,ETH-29MAY26,call,1900.0,2026-05-29T08:00:00+00:00,0.06863635746802672,0.199,0.2105,0.203756,0.20475,2369.03,ETH-29MAY26,0.6182,0.92481,0.87983,186.0,0.0,0.011499999999999982,ETH,2364.97,0.0
2026-05-04T06:20:01.285567+00:00,ETH-25SEP26-2200-P,2388.21,ETH-25SEP26,put,2200.0,2026-09-25T08:00:00+00:00,0.3944406011367468,0.108,0.1095,0.108636,0.10875,2388.21,ETH-25SEP26,0.6047,-0.34318,5.51244,5212.0,0.0,0.0015000000000000013,ETH,2364.97,0.0
2026-05-04T06:20:01.285567+00:00,ETH-6MAY26-2300-P,2366.95,index_price,put,2300.0,2026-05-06T08:00:00+00:00,0.005665789363988389,0.0046,0.0048,0.004726,0.0047,,,0.49920000000000003,-0.22432,0.53276,99.0,145.0,0.00019999999999999966,ETH,2364.82,1939.22
2026-05-04T06:20:01.285567+00:00,ETH-25SEP26-3200-P,2388.19,ETH-25SEP26,put,3200.0,2026-09-25T08:00:00+00:00,0.3944406011367468,0.3825,0.3965,0.392805,0.3895,2388.19,ETH-25SEP26,0.5941,-0.72561,4.99675,1389.0,0.0,0.014000000000000012,ETH,2364.82,0.0
2026-05-04T06:20:01.285567+00:00,ETH-26MAR27-3000-C,2430.22,ETH-26MAR27,call,3000.0,2027-03-26T08:00:00+00:00,0.8927294443947892,0.1565,0.1605,0.158554,0.1585,2430.22,ETH-26MAR27,0.6262,0.47554,9.13843,292.0,0.0,0.0040000000000000036,ETH,2364.82,0.0
2026-05-04T06:20:01.285567+00:00,ETH-25SEP26-1200-P,2388.19,ETH-25SEP26,put,1200.0,2026-09-25T08:00:00+00:00,0.3944406011367468,0.0095,0.0105,0.010099,0.01,2388.19,ETH-25SEP26,0.7433,-0.04404,1.3964,10797.0,1.0,0.0010000000000000009,ETH,2364.82,25.55
2026-05-04T06:20:01.285567+00:00,ETH-25DEC26-1900-P,2408.55,ETH-25DEC26,put,1900.0,2026-12-25T08:00:00+00:00,0.643585022765768,0.0925,0.0945,0.093626,0.0935,2408.55,ETH-25DEC26,0.6378,-0.23662,5.95595,3176.0,0.0,0.0020000000000000018,ETH,2364.82,0.0
2026-05-04T06:20:01.285567+00:00,ETH-6MAY26-2125-P,2366.95,index_price,put,2125.0,2026-05-06T08:00:00+00:00,0.005665789363988389,0.0003,0.0005,0.000412,0.0004,,,0.711,-0.02126,0.09074,0.0,0.0,0.00020000000000000004,ETH,2364.79,0.0
2026-05-04T06:20:01.285567+00:00,ETH-26JUN26-2000-C,2371.65,ETH-26JUN26,call,2000.0,2026-06-26T08:00:00+00:00,0.14529617950772558,0.1825,0.1875,0.183738,0.185,2371.65,ETH-26JUN26,0.5934,0.80585,2.48448,55780.0,0.0,0.0050000000000000044,ETH,2364.79,0.0
2026-05-04T06:20:01.285567+00:00,ETH-25SEP26-7200-C,2388.21,ETH-25SEP26,call,7200.0,2026-09-25T08:00:00+00:00,0.3944406011367468,0.0005,0.0013,0.000891,0.0009,2388.21,ETH-25SEP26,0.6633,0.0073,0.30329,1165.0,0.0,0.0007999999999999999,ETH,2364.82,0.0
2026-05-04T06:20:01.285567+00:00,ETH-6MAY26-2125-C,2366.95,index_price,call,2125.0,2026-05-06T08:00:00+00:00,0.005665789363988389,0.0965,0.1105,0.102698,0.1035,,,0.711,0.97874,0.09074,0.0,0.0,0.013999999999999999,ETH,2364.79,0.0
2026-05-04T06:20:01.285567+00:00,ETH-5MAY26-2225-P,2366.95,index_price,put,2225.0,2026-05-05T08:00:00+00:00,0.002927938576856288,0.0003,0.0005,0.000418,0.0004,,,0.6223,-0.0332,0.09459,857.0,782.0,0.00020000000000000004,ETH,2364.79,2058.98
2026-05-04T06:20:01.285567+00:00,ETH-26JUN26-4600-P,2371.65,ETH-26JUN26,put,4600.0,2026-06-26T08:00:00+00:00,0.14529617950772558,0.932,0.948,0.939919,0.94,2371.65,ETH-26JUN26,0.6594,-0.994,0.15365,3442.0,0.0,0.015999999999999903,ETH,2364.64,0.0
2026-05-04T06:20:01.285567+00:00,ETH-25SEP26-6600-C,2388.19,ETH-25SEP26,call,6600.0,2026-09-25T08:00:00+00:00,0.3944406011367468,0.0015,0.0019,0.001605,0.0017,2388.19,ETH-25SEP26,0.6615000000000001,0.01255,0.48671,1421.0,0.0,0.00039999999999999996,ETH,2364.79,0.0
2026-05-04T06:20:01.285567+00:00,ETH-8MAY26-2700-C,2367.36,ETH-8MAY26,call,2700.0,2026-05-08T08:00:00+00:00,0.011141490938252592,0.0003,0.0006,0.000403,0.00045,2367.36,ETH-8MAY26,0.5871,0.0177,0.10892,3933.0,0.0,0.0003,ETH,2364.64,0.0
2026-05-04T06:20:01.285567+00:00,ETH-26JUN26-1000-P,2371.65,ETH-26JUN26,put,1000.0,2026-06-26T08:00:00+00:00,0.14529617950772558,0.0006,0.0009,0.000723,0.00075,2371.65,ETH-26JUN26,0.9604,-0.00555,0.14341,15106.0,50.0,0.00030000000000000003,ETH,2364.64,82.96
2026-05-04T06:20:01.285567+00:00,ETH-7MAY26-2325-C,2366.95,index_price,call,2325.0,2026-05-07T08:00:00+00:00,0.008403640151120492,0.0265,0.029,0.027991,0.02775,,,0.48460000000000003,0.65607,0.79765,8.0,9.0,0.0025000000000000022,ETH,2364.64,304.56
2026-05-04T06:20:01.285567+00:00,ETH-29MAY26-1400-P,2369.05,ETH-29MAY26,put,1400.0,2026-05-29T08:00:00+00:00,0.06863635746802672,0.0004,0.0008,0.000591,0.0006,2369.05,ETH-29MAY26,0.8637,-0.00747,0.12806,6330.0,30.0,0.0004,ETH,2364.64,46.99
2026-05-04T06:20:01.285567+00:00,ETH-4MAY26-2200-P,2366.95,index_price,put,2200.0,2026-05-04T08:00:00+00:00,0.0001900877897241869,,0.0001,0.0,,,,0.955,0.0,0.0,918.0,255.0,,ETH,2364.54,83.13
2026-05-04T06:20:01.285567+00:00,ETH-26JUN26-1500-P,2371.79,ETH-26JUN26,put,1500.0,2026-06-26T08:00:00+00:00,0.14529617950772558,0.0042,0.0046,0.004439,0.0044,2371.79,ETH-26JUN26,0.7254999999999999,-0.03662,0.72444,12067.0,18.0,0.0004000000000000002,ETH,2364.54,203.59
2026-05-04T06:20:01.285567+00:00,ETH-5MAY26-2000-P,2366.95,index_price,put,2000.0,2026-05-05T08:00:00+00:00,0.002927938576856288,,0.0001,2e-06,,,,0.8785,-0.00019,0.00094,8186.0,0.0,,ETH,2364.54,0.0
2026-05-04T06:20:01.285567+00:00,ETH-7MAY26-2225-C,2366.95,index_price,call,2225.0,2026-05-07T08:00:00+00:00,0.008403640151120492,0.0565,0.0695,0.062619,0.063,,,0.5403,0.89482,0.39459,0.0,0.0,0.013000000000000005,ETH,2364.54,0.0
2026-05-04T06:20:01.285567+00:00,ETH-4MAY26-2175-C,2366.95,index_price,call,2175.0,2026-05-04T08:00:00+00:00,0.0001900877897241869,0.0715,0.1205,0.081154,0.096,,,0.9554,1.0,0.0,0.0,0.0,0.049,ETH,2364.54,0.0
2026-05-04T06:20:01.285567+00:00,ETH-5MAY26-2275-C,2366.95,index_price,call,2275.0,2026-05-05T08:00:00+00:00,0.002927938576856288,0.0345,0.0475,0.04016,0.041,,,0.5409,0.90944,0.20854,94.0,43.0,0.012999999999999998,ETH,2364.54,1849.98
2026-05-04T06:20:01.285567+00:00,ETH-26JUN26-5600-P,2371.79,ETH-26JUN26,put,5600.0,2026-06-26T08:00:00+00:00,0.14529617950772558,1.2595,1.4745,1.361281,1.367,2371.79,ETH-26JUN26,0.7614,-0.99758,0.0682,0.0,0.0,0.21499999999999986,ETH,2364.41,0.0
2026-05-04T06:20:01.285567+00:00,ETH-26MAR27-3100-C,2430.22,ETH-26MAR27,call,3100.0,2027-03-26T08:00:00+00:00,0.8927294443947892,0.1465,0.15,0.148209,0.14825,2430.22,ETH-26MAR27,0.6259,0.45326,9.0912,94.0,0.0,0.003500000000000003,ETH,2364.41,0.0
2026-05-04T06:20:01.285567+00:00,ETH-22MAY26-2800-C,2368.535,SYN.ETH-22MAY26,call,2800.0,2026-05-22T08:00:00+00:00,0.049471401958102006,0.0042,0.0045,0.004375,0.00435,2368.535,SYN.ETH-22MAY26,0.5264,0.08415,0.81314,398.0,21.0,0.0002999999999999999,ETH,2364.41,181.7
2026-05-04T06:20:01.285567+00:00,ETH-29MAY26-2250-C,2369.05,ETH-29MAY26,call,2250.0,2026-05-29T08:00:00+00:00,0.06863635746802672,0.0825,0.0845,0.083586,0.0835,2369.05,ETH-29MAY26,0.5386,0.6658,2.25728,16256.0,20.0,0.0020000000000000018,ETH,2364.41,3493.53
2026-05-04T06:20:01.285567+00:00,ETH-22MAY26-2250-C,2368.555,SYN.ETH-22MAY26,call,2250.0,2026-05-22T08:00:00+00:00,0.049471401958102006,0.0735,0.076,0.074799,0.07475,2368.555,SYN.ETH-22MAY26,0.5257000000000001,0.68745,1.86376,51.0,0.0,0.0025000000000000022,ETH,2364.41,0.0
2026-05-04T06:20:01.285567+00:00,ETH-31JUL26-2250-C,2378.1553846153847,SYN.ETH-31JUL26,call,2250.0,2026-07-31T08:00:00+00:00,0.24112095705734912,0.1385,0.141,0.139755,0.13975,2378.1553846153847,SYN.ETH-31JUL26,0.583,0.63046,4.40431,27.0,50.0,0.0024999999999999745,ETH,2364.41,15431.61
2026-05-04T06:20:01.285567+00:00,ETH-26JUN26-6500-C,2371.79,ETH-26JUN26,call,6500.0,2026-06-26T08:00:00+00:00,0.14529617950772558,,0.0002,0.000172,,2371.79,ETH-26JUN26,0.8667,0.00193,0.05553,37620.0,0.0,,ETH,2364.3,0.0
2026-05-04T06:20:01.285567+00:00,ETH-7MAY26-2475-P,2366.95,index_price,put,2475.0,2026-05-07T08:00:00+00:00,0.008403640151120492,0.0425,0.055,0.049328,0.04875,,,0.4913,-0.83941,0.52856,0.0,0.0,0.012499999999999997,ETH,2364.3,0.0
2026-05-04T06:20:01.285567+00:00,ETH-4MAY26-2375-C,2366.95,index_price,call,2375.0,2026-05-04T08:00:00+00:00,0.0001900877897241869,0.0009,0.0013,0.001146,0.0011,,,0.4537,0.23217,0.09753,1616.0,1745.0,0.00039999999999999996,ETH,2364.3,11564.73
2026-05-04T06:20:01.285567+00:00,ETH-25SEP26-2400-P,2388.21,ETH-25SEP26,put,2400.0,2026-09-25T08:00:00+00:00,0.3944406011367468,0.151,0.1525,0.151718,0.15175,2388.21,ETH-25SEP26,0.5974,-0.43187,5.89177,2058.0,52.0,0.0015000000000000013,ETH,2364.41,19611.37
2026-05-04T06:20:01.285567+00:00,ETH-25SEP26-2900-P,2388.19,ETH-25SEP26,put,2900.0,2026-09-25T08:00:00+00:00,0.3944406011367468,0.284,0.297,0.292402,0.2905,2388.19,ETH-25SEP26,0.594,-0.63175,5.65042,39.0,0.0,0.013000000000000012,ETH,2364.41,0.0
2026-05-04T06:20:01.285567+00:00,ETH-25SEP26-15000-C,2388.19,ETH-25SEP26,call,15000.0,2026-09-25T08:00:00+00:00,0.3944406011367468,,0.0001,0.000188,,2388.19,ETH-25SEP26,0.8923000000000001,0.00135,0.06656,877.0,3.0,,ETH,2364.3,0.7
2026-05-04T06:20:01.285567+00:00,ETH-25SEP26-5600-C,2388.19,ETH-25SEP26,call,5600.0,2026-09-25T08:00:00+00:00,0.3944406011367468,0.0036,0.0041,0.003755,0.00385,2388.19,ETH-25SEP26,0.6411,0.02762,0.95203,1892.0,1.0,0.0005000000000000004,ETH,2364.3,8.76
2026-05-04T06:20:01.285567+00:00,ETH-26JUN26-14000-P,2371.79,ETH-26JUN26,put,14000.0,2026-06-26T08:00:00+00:00,0.14529617950772558,4.6485,5.181,4.902717,4.91475,2371.79,ETH-26JUN26,1.1,-0.99997,0.00109,0.0,0.0,0.5324999999999998,ETH,2364.21,0.0
2026-05-04T06:20:01.285567+00:00,ETH-15MAY26-2450-P,2367.77,ETH-15MAY26,put,2450.0,2026-05-15T08:00:00+00:00,0.030306446448177298,0.054,0.0565,0.055176,0.05525,2367.77,ETH-15MAY26,0.49700000000000005,-0.64238,1.53708,110.0,10.0,0.0025000000000000022,ETH,2364.21,1181.31
2026-05-04T06:20:01.285567+00:00,ETH-26MAR27-2700-C,2430.22,ETH-26MAR27,call,2700.0,2027-03-26T08:00:00+00:00,0.8927294443947892,0.193,0.197,0.194748,0.195,2430.22,ETH-26MAR27,0.6284000000000001,0.54692,9.08988,248.0,0.0,0.0040000000000000036,ETH,2364.21,0.0
2026-05-04T06:20:01.285567+00:00,ETH-25SEP26-3000-P,2388.19,ETH-25SEP26,put,3000.0,2026-09-25T08:00:00+00:00,0.3944406011367468,0.316,0.3325,0.324814,0.32425,2388.19,ETH-25SEP26,0.594,-0.66549,5.45706,6406.0,2.0,0.016500000000000015,ETH,2364.3,1516.4
2026-05-04T06:20:01.285567+00:00,ETH-25DEC26-3600-P,2408.54,ETH-25DEC26,put,3600.0,2026-12-25T08:00:00+00:00,0.643585022765768,0.553,0.5715,0.564204,0.56225,2408.54,ETH-25DEC26,0.6153,-0.71555,6.5479,93.0,0.0,0.01849999999999996,ETH,2364.21,0.0
2026-05-04T06:20:01.285567+00:00,ETH-6MAY26-2175-C,2366.95,index_price,call,2175.0,2026-05-06T08:00:00+00:00,0.005665789363988389,0.0755,0.0905,0.081852,0.083,,,0.6325,0.96223,0.1463,0.0,0.0,0.015,ETH,2364.21,0.0
2026-05-04T06:20:01.285567+00:00,ETH-25SEP26-5000-C,2388.21,ETH-25SEP26,call,5000.0,2026-09-25T08:00:00+00:00,0.3944406011367468,0.0065,0.007,0.006574,0.00675,2388.21,ETH-25SEP26,0.6264,0.0461,1.44835,3586.0,2.0,0.0005000000000000004,ETH,2364.21,33.36
2026-05-04T06:20:01.285567+00:00,ETH-31JUL26-1800-P,2378.1553846153847,SYN.ETH-31JUL26,put,1800.0,2026-07-31T08:00:00+00:00,0.24112095705734912,0.026,0.027,0.026573,0.0265,2378.1553846153847,SYN.ETH-31JUL26,0.6275999999999999,-0.14596,2.67106,6221.0,2.0,0.0010000000000000009,ETH,2364.21,119.16
2026-05-04T06:20:01.285567+00:00,ETH-22MAY26-2100-P,2368.555,SYN.ETH-22MAY26,put,2100.0,2026-05-22T08:00:00+00:00,0.049471401958102006,0.0105,0.011,0.010586,0.01075,2368.555,SYN.ETH-22MAY26,0.5633,-0.15527,1.2557,596.0,68.0,0.0004999999999999987,ETH,2364.25,1636.88
2026-05-04T06:20:01.285567+00:00,ETH-25DEC26-3600-C,2408.55,ETH-25DEC26,call,3600.0,2026-12-25T08:00:00+00:00,0.643585022765768,0.0685,0.0705,0.069523,0.0695,2408.55,ETH-25DEC26,0.6153,0.28445,6.54779,1547.0,0.0,0.001999999999999988,ETH,2364.25,0.0
2026-05-04T06:20:01.285567+00:00,ETH-7MAY26-2125-C,2366.95,index_price,call,2125.0,2026-05-07T08:00:00+00:00,0.008403640151120492,0.0965,0.1115,0.103203,0.104,,,0.6466,0.96632,0.16225,0.0,0.0,0.015,ETH,2364.25,0.0
2026-05-04T06:20:01.285567+00:00,ETH-25DEC26-9000-C,2408.55,ETH-25DEC26,call,9000.0,2026-12-25T08:00:00+00:00,0.643585022765768,0.0021,0.0029,0.002494,0.0025,2408.55,ETH-25DEC26,0.6748999999999999,0.01518,0.73846,1910.0,1.0,0.0007999999999999999,ETH,2364.25,6.66
2026-05-04T06:20:01.285567+00:00,ETH-25SEP26-2700-C,2388.19,ETH-25SEP26,call,2700.0,2026-09-25T08:00:00+00:00,0.3944406011367468,0.1,0.101,0.100739,0.1005,2388.19,ETH-25SEP26,0.594,0.44219,5.91579,1176.0,0.0,0.0010000000000000009,ETH,2364.25,0.0
2026-05-04T06:20:01.285567+00:00,ETH-25SEP26-11000-C,2388.21,ETH-25SEP26,call,11000.0,2026-09-25T08:00:00+00:00,0.3944406011367468,0.0001,0.0004,0.000207,0.00025,2388.21,ETH-25SEP26,0.7665000000000001,0.00168,0.08103,2797.0,0.0,0.00030000000000000003,ETH,2364.25,0.0
2026-05-04T06:20:01.285567+00:00,ETH-5MAY26-2150-C,2366.95,index_price,call,2150.0,2026-05-05T08:00:00+00:00,0.002927938576856288,0.0495,0.133,0.091986,0.09125,,,0.7901,0.9884,0.03876,0.0,0.0,0.0835,ETH,2364.25,0.0
2026-05-04T06:20:01.285567+00:00,ETH-8MAY26-2250-P,2367.36,ETH-8MAY26,put,2250.0,2026-05-08T08:00:00+00:00,0.011141490938252592,0.0049,0.0055,0.005077,0.0052,2367.36,ETH-8MAY26,0.5185,-0.17523,0.64389,11175.0,488.0,0.0005999999999999998,ETH,2364.25,11139.07
2026-05-04T06:20:01.285567+00:00,ETH-7MAY26-2125-P,2366.95,index_price,put,2125.0,2026-05-07T08:00:00+00:00,0.008403640151120492,0.0007,0.0009,0.000755,0.0008,,,0.6466,-0.03368,0.16225,540.0,580.0,0.00019999999999999998,ETH,2364.25,1579.59
2026-05-04T06:20:01.285567+00:00,ETH-7MAY26-2375-P,2366.95,index_price,put,2375.0,2026-05-07T08:00:00+00:00,0.008403640151120492,0.019,0.02,0.019132,0.0195,,,0.4782,-0.53241,0.8617,67.0,76.0,0.0010000000000000009,ETH,2364.25,2977.76
2026-05-04T06:20:01.285567+00:00,ETH-25SEP26-10000-P,2388.19,ETH-25SEP26,put,10000.0,2026-09-25T08:00:00+00:00,0.3944406011367468,3.007,3.387,3.187497,3.197,2388.19,ETH-25SEP26,0.7342,-0.99799,0.09562,0.0,0.0,0.3799999999999999,ETH,2364.25,0.0
2026-05-04T06:20:01.285567+00:00,ETH-25DEC26-2200-C,2408.55,ETH-25DEC26,call,2200.0,2026-12-25T08:00:00+00:00,0.643585022765768,0.234,0.2375,0.235474,0.23575,2408.55,ETH-25DEC26,0.6241,0.66595,7.02513,50804.0,0.0,0.0034999999999999754,ETH,2364.25,0.0
2026-05-04T06:20:01.285567+00:00,ETH-26MAR27-2100-P,2430.22,ETH-26MAR27,put,2100.0,2027-03-26T08:00:00+00:00,0.8927294443947892,0.158,0.1615,0.159886,0.15975,2430.22,ETH-26MAR27,0.6403,-0.29395,7.90254,355.0,0.0,0.003500000000000003,ETH,2363.95,0.0
2026-05-04T06:20:01.285567+00:00,ETH-29MAY26-1750-P,2369.05,ETH-29MAY26,put,1750.0,2026-05-29T08:00:00+00:00,0.06863635746802672,0.0025,0.003,0.002798,0.00275,2369.05,ETH-29MAY26,0.6801,-0.03738,0.50557,1858.0,70.0,0.0005,ETH,2363.95,544.78
2026-05-04T06:20:01.285567+00:00,ETH-4MAY26-2125-C,2366.95,index_price,call,2125.0,2026-05-04T08:00:00+00:00,0.0001900877897241869,0.06,0.1405,0.102277,0.10025,,,1.0523,1.0,0.0,0.0,0.0,0.08050000000000002,ETH,2363.95,0.0
2026-05-04T06:20:01.285567+00:00,ETH-15MAY26-2400-P,2367.77,ETH-15MAY26,put,2400.0,2026-05-15T08:00:00+00:00,0.030306446448177298,0.0415,0.0425,0.042064,0.042,2367.77,ETH-15MAY26,0.4982,-0.55068,1.6294,595.0,120.0,0.0010000000000000009,ETH,2363.95,13449.61
2026-05-04T06:20:01.285567+00:00,ETH-31JUL26-3400-C,2378.1553846153847,SYN.ETH-31JUL26,call,3400.0,2026-07-31T08:00:00+00:00,0.24112095705734912,0.0165,0.0175,0.017084,0.017,2378.1553846153847,SYN.ETH-31JUL26,0.5814,0.13272,2.50345,303.0,4.0,0.0010000000000000009,ETH,2363.95,146.19
2026-05-04T06:20:01.285567+00:00,ETH-26JUN26-12000-P,2371.65,ETH-26JUN26,put,12000.0,2026-06-26T08:00:00+00:00,0.14529617950772558,3.8415,4.298,4.059476,4.06975,2371.65,ETH-26JUN26,1.0604,-0.99993,0.00253,55.0,0.0,0.45650000000000013,ETH,2363.81,0.0
2026-05-04T06:20:01.285567+00:00,ETH-8MAY26-2450-P,2367.21,ETH-8MAY26,put,2450.0,2026-05-08T08:00:00+00:00,0.011141490938252592,0.0415,0.044,0.042626,0.04275,2367.21,ETH-8MAY26,0.48219999999999996,-0.75058,0.79198,332.0,10.0,0.0024999999999999953,ETH,2363.81,928.7
2026-05-04T06:20:01.285567+00:00,ETH-26JUN26-1400-P,2371.79,ETH-26JUN26,put,1400.0,2026-06-26T08:00:00+00:00,0.14529617950772558,0.0028,0.0032,0.003078,0.003,2371.79,ETH-26JUN26,0.7633,-0.02541,0.53515,4372.0,2.0,0.0004000000000000002,ETH,2363.81,15.18
2026-05-04T06:20:01.285567+00:00,ETH-25DEC26-4000-P,2408.55,ETH-25DEC26,put,4000.0,2026-12-25T08:00:00+00:00,0.643585022765768,0.674,0.825,0.711014,0.7495,2408.55,ETH-25DEC26,0.6192,-0.78088,5.70185,228.0,0.0,0.1509999999999999,ETH,2363.81,0.0
2026-05-04T06:20:01.285567+00:00,ETH-26MAR27-6000-P,2430.22,ETH-26MAR27,put,6000.0,2027-03-26T08:00:00+00:00,0.8927294443947892,1.3745,1.651,1.49657,1.51275,2430.22,ETH-26MAR27,0.6426000000000001,-0.88222,4.52885,0.0,0.0,0.27649999999999997,ETH,2363.81,0.0
2026-05-04T06:20:01.285567+00:00,ETH-25SEP26-3100-P,2388.19,ETH-25SEP26,put,3100.0,2026-09-25T08:00:00+00:00,0.3944406011367468,0.349,0.3635,0.358313,0.35625,2388.19,ETH-25SEP26,0.594,-0.69703,5.23322,0.0,0.0,0.014500000000000013,ETH,2363.81,0.0
2026-05-04T06:20:01.285567+00:00,ETH-25DEC26-1600-C,2408.55,ETH-25DEC26,call,1600.0,2026-12-25T08:00:00+00:00,0.643585022765768,0.3855,0.3925,0.389105,0.389,2408.55,ETH-25DEC26,0.6601,0.8495,4.51018,411.0,0.0,0.007000000000000006,ETH,2363.81,0.0
2026-05-04T06:20:01.285567+00:00,ETH-26MAR27-3100-P,2430.22,ETH-26MAR27,put,3100.0,2027-03-26T08:00:00+00:00,0.8927294443947892,0.419,0.43,0.423735,0.4245,2430.22,ETH-26MAR27,0.6259,-0.54691,9.08838,0.0,0.0,0.01100000000000001,ETH,2363.81,0.0
2026-05-04T06:20:01.285567+00:00,ETH-31JUL26-3100-P,2378.1553846153847,SYN.ETH-31JUL26,put,3100.0,2026-07-31T08:00:00+00:00,0.24112095705734912,0.323,0.409,0.333574,0.366,2378.1553846153847,SYN.ETH-31JUL26,0.575,-0.78874,3.3738,0.0,0.0,0.08599999999999997,ETH,2363.81,0.0
2026-05-04T06:20:01.285567+00:00,ETH-15MAY26-2000-C,2367.77,ETH-15MAY26,call,2000.0,2026-05-15T08:00:00+00:00,0.030306446448177298,0.152,0.1655,0.157745,0.15875,2367.77,ETH-15MAY26,0.6154999999999999,0.94695,0.4451,6.0,0.0,0.013500000000000012,ETH,2363.72,0.0
2026-05-04T06:20:01.285567+00:00,ETH-6MAY26-2100-C,2366.95,index_price,call,2100.0,2026-05-06T08:00:00+00:00,0.005665789363988389,0.107,0.1215,0.113154,0.11425,,,0.7437,0.98404,0.07102,0.0,0.0,0.014499999999999999,ETH,2363.72,0.0
2026-05-04T06:20:01.285567+00:00,ETH-31JUL26-4200-C,2378.1553846153847,SYN.ETH-31JUL26,call,4200.0,2026-07-31T08:00:00+00:00,0.24112095705734912,0.0039,0.0045,0.004137,0.0042,2378.1553846153847,SYN.ETH-31JUL26,0.6041,0.03816,0.96744,28.0,11.0,0.0005999999999999998,ETH,2363.72,103.39
2026-05-04T06:20:01.285567+00:00,ETH-4MAY26-2275-P,2366.95,index_price,put,2275.0,2026-05-04T08:00:00+00:00,0.0001900877897241869,,0.0001,1e-06,,,,0.8593000000000001,-0.00055,0.00062,2606.0,1840.0,,ETH,2362.72,2965.97
2026-05-04T06:20:01.285567+00:00,ETH-25SEP26-13000-P,2388.19,ETH-25SEP26,put,13000.0,2026-09-25T08:00:00+00:00,0.3944406011367468,4.209,4.702,4.443621,4.4555,2388.19,ETH-25SEP26,0.8331000000000001,-0.99855,0.07084,0.0,0.0,0.4930000000000003,ETH,2363.72,0.0
2026-05-04T06:20:01.285567+00:00,ETH-7MAY26-2150-P,2366.95,index_price,put,2150.0,2026-05-07T08:00:00+00:00,0.008403640151120492,0.0009,0.0011,0.000966,0.001,,,0.6158,-0.04465,0.20399,42.0,44.0,0.0002000000000000001,ETH,2362.72,135.37
2026-05-04T06:20:01.285567+00:00,ETH-25DEC26-3800-P,2408.55,ETH-25DEC26,put,3800.0,2026-12-25T08:00:00+00:00,0.643585022765768,0.5675,0.6605,0.636588,0.614,2408.55,ETH-25DEC26,0.6165999999999999,-0.75082,6.12261,26.0,0.0,0.09299999999999997,ETH,2363.72,0.0
2026-05-04T06:20:01.285567+00:00,ETH-5MAY26-2425-C,2366.95,index_price,call,2425.0,2026-05-05T08:00:00+00:00,0.002927938576856288,0.0026,0.0029,0.002708,0.00275,,,0.49369999999999997,0.1695,0.32261,890.0,879.0,0.0002999999999999999,ETH,2362.72,7233.76
2026-05-04T06:20:01.285567+00:00,ETH-7MAY26-2500-C,2366.95,index_price,call,2500.0,2026-05-07T08:00:00+00:00,0.008403640151120492,0.0026,0.0029,0.002736,0.00275,,,0.5014,0.11424,0.4184,214.0,214.0,0.0002999999999999999,ETH,2362.72,732.66
2026-05-04T06:20:01.285567+00:00,ETH-29MAY26-1800-P,2369.05,ETH-29MAY26,put,1800.0,2026-05-29T08:00:00+00:00,0.06863635746802672,0.0033,0.0037,0.003521,0.0035,2369.05,ETH-29MAY26,0.6572,-0.04736,0.61198,15165.0,353.0,0.0004000000000000002,ETH,2362.72,3857.42
2026-05-04T06:20:01.285567+00:00,ETH-4MAY26-2225-C,2366.95,index_price,call,2225.0,2026-05-04T08:00:00+00:00,0.0001900877897241869,0.0505,0.1005,0.060032,0.0755,,,0.9528,1.0,0.0,0.0,0.0,0.05,ETH,2362.54,0.0
2026-05-04T06:20:01.285567+00:00,ETH-8MAY26-2400-C,2367.21,ETH-8MAY26,call,2400.0,2026-05-08T08:00:00+00:00,0.011141490938252592,0.014,0.0145,0.01416,0.01425,2367.21,ETH-8MAY26,0.479,0.38806,0.95551,11238.0,1225.0,0.0005000000000000004,ETH,2362.54,25914.52
2026-05-04T06:20:01.285567+00:00,ETH-8MAY26-2200-C,2367.36,ETH-8MAY26,call,2200.0,2026-05-08T08:00:00+00:00,0.011141490938252592,0.072,0.075,0.073325,0.0735,2367.36,ETH-8MAY26,0.5425,0.89897,0.44101,705.0,101.0,0.0030000000000000027,ETH,2362.54,18072.33
2026-05-04T06:20:01.285567+00:00,ETH-25SEP26-1400-C,2388.19,ETH-25SEP26,call,1400.0,2026-09-25T08:00:00+00:00,0.3944406011367468,0.4275,0.436,0.431518,0.43175,2388.19,ETH-25SEP26,0.6965,0.92438,2.13349,0.0,0.0,0.008500000000000008,ETH,2362.72,0.0
2026-05-04T06:20:01.285567+00:00,ETH-31JUL26-2650-P,2378.1553846153847,SYN.ETH-31JUL26,put,2650.0,2026-07-31T08:00:00+00:00,0.24112095705734912,0.183,0.185,0.184233,0.184,2378.1553846153847,SYN.ETH-31JUL26,0.5738,-0.5987,4.50819,0.0,0.0,0.0020000000000000018,ETH,2362.54,0.0
2026-05-04T06:20:01.285567+00:00,ETH-26MAR27-5500-C,2430.37,ETH-26MAR27,call,5500.0,2027-03-26T08:00:00+00:00,0.8927294443947892,0.0345,0.037,0.035676,0.03575,2430.37,ETH-26MAR27,0.6384000000000001,0.14572,5.24302,542.0,0.0,0.0024999999999999953,ETH,2362.54,0.0
2026-05-04T06:20:01.285567+00:00,ETH-25SEP26-3600-P,2388.19,ETH-25SEP26,put,3600.0,2026-09-25T08:00:00+00:00,0.3944406011367468,0.5275,0.549,0.539213,0.53825,2388.19,ETH-25SEP26,0.5982,-0.81834,3.95223,547.0,0.0,0.021500000000000075,ETH,2362.54,0.0
2026-05-04T06:20:01.285567+00:00,ETH-25DEC26-1600-P,2408.54,ETH-25DEC26,put,1600.0,2026-12-25T08:00:00+00:00,0.643585022765768,0.0525,0.054,0.053407,0.05325,2408.54,ETH-25DEC26,0.6601,-0.15073,4.51242,3577.0,1.0,0.0015000000000000013,ETH,2362.54,125.65
2026-05-04T06:20:01.285567+00:00,ETH-8MAY26-2450-C,2367.21,ETH-8MAY26,call,2450.0,2026-05-08T08:00:00+00:00,0.011141490938252592,0.0075,0.008,0.007731,0.00775,2367.21,ETH-8MAY26,0.48219999999999996,0.24562,0.78502,6100.0,1111.0,0.0005000000000000004,ETH,2362.39,22464.13
2026-05-04T06:20:01.285567+00:00,ETH-22MAY26-3000-P,2368.585,SYN.ETH-22MAY26,put,3000.0,2026-05-22T08:00:00+00:00,0.049471401958102006,0.2485,0.3195,0.268118,0.284,2368.585,SYN.ETH-22MAY26,0.5571,-0.9686,0.37164,0.0,0.0,0.07100000000000001,ETH,2362.54,0.0
2026-05-04T06:20:01.285567+00:00,ETH-4MAY26-2600-C,2366.95,index_price,call,2600.0,2026-05-04T08:00:00+00:00,0.0001900877897241869,,0.0001,0.0,,,,0.9575,0.0,0.0,103.0,0.0,,ETH,2362.39,0.0
2026-05-04T06:20:01.285567+00:00,ETH-29MAY26-3000-P,2369.05,ETH-29MAY26,put,3000.0,2026-05-29T08:00:00+00:00,0.06863635746802672,0.258,0.3345,0.269784,0.29625,2369.05,ETH-29MAY26,0.5502,-0.94275,0.7114,6.0,0.0,0.07650000000000001,ETH,2362.39,0.0
2026-05-04T06:20:01.285567+00:00,ETH-25DEC26-11000-C,2408.55,ETH-25DEC26,call,11000.0,2026-12-25T08:00:00+00:00,0.643585022765768,0.0009,0.0011,0.000968,0.001,2408.55,ETH-25DEC26,0.6842,0.0063,0.34248,1642.0,3.0,0.0002000000000000001,ETH,2362.39,6.92
2026-05-04T06:20:01.285567+00:00,ETH-26JUN26-2400-P,2371.79,ETH-26JUN26,put,2400.0,2026-06-26T08:00:00+00:00,0.14529617950772558,0.091,0.092,0.091496,0.0915,2371.79,ETH-26JUN26,0.5593,-0.48329,3.59758,3800.0,0.0,0.0010000000000000009,ETH,2362.39,0.0
2026-05-04T06:20:01.285567+00:00,ETH-26JUN26-3100-P,2371.65,ETH-26JUN26,put,3100.0,2026-06-26T08:00:00+00:00,0.14529617950772558,0.261,0.34,0.319677,0.3005,2371.65,ETH-26JUN26,0.5656,-0.87343,1.8744,0.0,0.0,0.07900000000000001,ETH,2362.39,0.0
2026-05-04T06:20:01.285567+00:00,ETH-15MAY26-3000-P,2367.77,ETH-15MAY26,put,3000.0,2026-05-15T08:00:00+00:00,0.030306446448177298,0.255,0.3295,0.267538,0.29225,2367.77,ETH-15MAY26,0.6068,-0.98624,0.14462,0.0,0.0,0.07450000000000001,ETH,2362.34,0.0
2026-05-04T06:20:01.285567+00:00,ETH-26JUN26-8000-C,2371.65,ETH-26JUN26,call,8000.0,2026-06-26T08:00:00+00:00,0.14529617950772558,,0.0002,9e-05,,2371.65,ETH-26JUN26,0.9701000000000001,0.00094,0.02884,1770.0,100.0,,ETH,2362.39,23.12
2026-05-04T06:20:01.285567+00:00,ETH-31JUL26-3100-C,2378.1553846153847,SYN.ETH-31JUL26,call,3100.0,2026-07-31T08:00:00+00:00,0.24112095705734912,0.0295,0.0305,0.029964,0.03,2378.1553846153847,SYN.ETH-31JUL26,0.575,0.21105,3.37116,320.0,0.0,0.0010000000000000009,ETH,2362.34,0.0
2026-05-04T06:20:01.285567+00:00,ETH-7MAY26-2700-P,2366.95,index_price,put,2700.0,2026-05-07T08:00:00+00:00,0.008403640151120492,0.0915,0.1965,0.140725,0.144,,,0.6496999999999999,-0.98658,0.0745,0.0,0.0,0.10500000000000001,ETH,2362.34,0.0
2026-05-04T06:20:01.285567+00:00,ETH-7MAY26-2175-P,2366.95,index_price,put,2175.0,2026-05-07T08:00:00+00:00,0.008403640151120492,0.0012,0.0014,0.001287,0.0013,,,0.589,-0.05966,0.25678,5.0,5.0,0.0002000000000000001,ETH,2362.33,17.57
2026-05-04T06:20:01.285567+00:00,ETH-26JUN26-7000-P,2371.65,ETH-26JUN26,put,7000.0,2026-06-26T08:00:00+00:00,0.14529617950772558,1.8245,2.093,1.951525,1.95875,2371.65,ETH-26JUN26,0.9198999999999999,-0.99823,0.05128,0.0,0.0,0.26849999999999996,ETH,2362.34,0.0
2026-05-04T06:20:01.285567+00:00,ETH-6MAY26-2000-C,2366.95,index_price,call,2000.0,2026-05-06T08:00:00+00:00,0.005665789363988389,0.1495,0.1625,0.155255,0.156,,,0.9239,0.99251,0.03679,0.0,0.0,0.013000000000000012,ETH,2362.33,0.0
2026-05-04T06:20:01.285567+00:00,ETH-31JUL26-2550-P,2378.1553846153847,SYN.ETH-31JUL26,put,2550.0,2026-07-31T08:00:00+00:00,0.24112095705734912,0.155,0.1565,0.155925,0.15575,2378.1553846153847,SYN.ETH-31JUL26,0.5744,-0.54512,4.62112,27.0,0.0,0.0015000000000000013,ETH,2362.33,0.0
2026-05-04T06:20:01.285567+00:00,ETH-22MAY26-2700-C,2368.555,SYN.ETH-22MAY26,call,2700.0,2026-05-22T08:00:00+00:00,0.049471401958102006,0.0075,0.0085,0.007898,0.008,2368.555,SYN.ETH-22MAY26,0.5191,0.13713,1.15407,0.0,0.0,0.0010000000000000009,ETH,2362.33,0.0
2026-05-04T06:20:01.285567+00:00,ETH-8MAY26-2600-C,2367.21,ETH-8MAY26,call,2600.0,2026-05-08T08:00:00+00:00,0.011141490938252592,0.001,0.0012,0.001073,0.0011,2367.21,ETH-8MAY26,0.5239,0.04429,0.23337,10137.0,74.0,0.00019999999999999987,ETH,2362.33,213.33
2026-05-04T06:20:01.285567+00:00,ETH-26JUN26-1700-P,2371.79,ETH-26JUN26,put,1700.0,2026-06-26T08:00:00+00:00,0.14529617950772558,0.0085,0.0095,0.00919,0.009,2371.79,ETH-26JUN26,0.6602,-0.07476,1.27455,4257.0,2.0,0.0009999999999999992,ETH,2362.33,49.83
2026-05-04T06:20:01.285567+00:00,ETH-26JUN26-3800-P,2371.79,ETH-26JUN26,put,3800.0,2026-06-26T08:00:00+00:00,0.14529617950772558,0.598,0.6105,0.604451,0.60425,2371.79,ETH-26JUN26,0.6088,-0.97271,0.56762,1253.0,0.0,0.012500000000000067,ETH,2362.33,0.0
2026-05-04T06:20:01.285567+00:00,ETH-29MAY26-2500-P,2369.05,ETH-29MAY26,put,2500.0,2026-05-29T08:00:00+00:00,0.06863635746802672,0.087,0.0895,0.088315,0.08825,2369.05,ETH-29MAY26,0.5256000000000001,-0.63133,2.3369,469.0,50.0,0.0025000000000000022,ETH,2362.48,10581.59
2026-05-04T06:20:01.285567+00:00,ETH-7MAY26-2275-P,2366.95,index_price,put,2275.0,2026-05-07T08:00:00+00:00,0.008403640151120492,0.0048,0.0055,0.004905,0.00515,,,0.5057,-0.20174,0.60941,60.0,62.0,0.0007000000000000001,ETH,2362.48,1451.0
2026-05-04T06:20:01.285567+00:00,ETH-25SEP26-9000-C,2388.19,ETH-25SEP26,call,9000.0,2026-09-25T08:00:00+00:00,0.3944406011367468,0.0003,0.0006,0.000358,0.00045,2388.19,ETH-25SEP26,0.7106999999999999,0.00296,0.13535,1518.0,0.0,0.0003,ETH,2362.48,0.0
2026-05-04T06:20:01.285567+00:00,ETH-26JUN26-6000-C,2371.79,ETH-26JUN26,call,6000.0,2026-06-26T08:00:00+00:00,0.14529617950772558,,0.0002,0.000175,,2371.79,ETH-26JUN26,0.8070999999999999,0.00206,0.05882,6548.0,0.0,,ETH,2362.48,0.0
2026-05-04T06:20:01.285567+00:00,ETH-26MAR27-3200-C,2430.22,ETH-26MAR27,call,3200.0,2027-03-26T08:00:00+00:00,0.8927294443947892,0.1365,0.1405,0.138577,0.1385,2430.22,ETH-26MAR27,0.6256,0.43138,9.01082,49.0,0.0,0.0040000000000000036,ETH,2362.48,0.0
2026-05-04T06:20:01.285567+00:00,ETH-31JUL26-1800-C,2378.1553846153847,SYN.ETH-31JUL26,call,1800.0,2026-07-31T08:00:00+00:00,0.24112095705734912,0.2655,0.2745,0.269638,0.27,2378.1553846153847,SYN.ETH-31JUL26,0.6275999999999999,0.85345,2.67617,1.0,0.0,0.009000000000000008,ETH,2362.48,0.0
2026-05-04T06:20:01.285567+00:00,ETH-6MAY26-2400-C,2366.95,index_price,call,2400.0,2026-05-06T08:00:00+00:00,0.005665789363988389,0.008,0.009,0.008419,0.0085,,,0.4731,0.33593,0.64836,1477.0,98.0,0.0009999999999999992,ETH,2362.57,1148.41
2026-05-04T06:20:01.285567+00:00,ETH-25DEC26-3800-C,2408.55,ETH-25DEC26,call,3800.0,2026-12-25T08:00:00+00:00,0.643585022765768,0.058,0.0595,0.058869,0.05875,2408.55,ETH-25DEC26,0.6165999999999999,0.24887,6.11563,1254.0,0.0,0.0014999999999999944,ETH,2362.57,0.0
2026-05-04T06:20:01.285567+00:00,ETH-25SEP26-4800-C,2388.21,ETH-25SEP26,call,4800.0,2026-09-25T08:00:00+00:00,0.3944406011367468,0.008,0.0085,0.008024,0.00825,2388.21,ETH-25SEP26,0.6214,0.05506,1.66739,2067.0,1.0,0.0005000000000000004,ETH,2362.57,20.26
2026-05-04T06:20:01.285567+00:00,ETH-26MAR27-2400-C,2430.22,ETH-26MAR27,call,2400.0,2027-03-26T08:00:00+00:00,0.8927294443947892,0.2375,0.242,0.239685,0.23975,2430.22,ETH-26MAR27,0.6321,0.62424,8.69959,155.0,4.0,0.004500000000000004,ETH,2362.57,2186.59
2026-05-04T06:20:01.285567+00:00,ETH-5MAY26-2125-C,2366.95,index_price,call,2125.0,2026-05-05T08:00:00+00:00,0.002927938576856288,0.0955,0.111,0.102488,0.10325,,,0.8290000000000001,0.99205,0.02785,0.0,0.0,0.0155,ETH,2362.57,0.0
2026-05-04T06:20:01.285567+00:00,ETH-26MAR27-4000-P,2430.22,ETH-26MAR27,put,4000.0,2027-03-26T08:00:00+00:00,0.8927294443947892,0.631,0.8585,0.728645,0.74475,2430.22,ETH-26MAR27,0.627,-0.70801,7.87328,0.0,0.0,0.22750000000000004,ETH,2362.57,0.0
2026-05-04T06:20:01.285567+00:00,ETH-5MAY26-2300-P,2366.95,index_price,put,2300.0,2026-05-05T08:00:00+00:00,0.002927938576856288,0.0019,0.0023,0.002043,0.0021,,,0.5078,-0.16016,0.31098,193.0,334.0,0.00039999999999999996,ETH,2362.78,4485.01
2026-05-04T06:20:01.285567+00:00,ETH-7MAY26-2425-C,2366.95,index_price,call,2425.0,2026-05-07T08:00:00+00:00,0.008403640151120492,0.008,0.0085,0.008199,0.00825,,,0.47979999999999995,0.28511,0.73541,0.0,0.0,0.0005000000000000004,ETH,2362.78,0.0
2026-05-04T06:20:01.285567+00:00,ETH-25SEP26-4000-C,2388.19,ETH-25SEP26,call,4000.0,2026-09-25T08:00:00+00:00,0.3944406011367468,0.019,0.02,0.019516,0.0195,2388.19,ETH-25SEP26,0.6046,0.12042,3.00301,11357.0,0.0,0.0010000000000000009,ETH,2362.57,0.0
2026-05-04T06:20:01.285567+00:00,ETH-4MAY26-2325-P,2366.95,index_price,put,2325.0,2026-05-04T08:00:00+00:00,0.0001900877897241869,,0.0002,0.000115,,,,0.7078,-0.04644,0.03104,745.0,773.0,,ETH,2362.57,3983.42
2026-05-04T06:20:01.285567+00:00,ETH-25SEP26-2100-C,2388.19,ETH-25SEP26,call,2100.0,2026-09-25T08:00:00+00:00,0.3944406011367468,0.2095,0.2155,0.210867,0.2125,2388.19,ETH-25SEP26,0.6095,0.69932,5.21239,1665.0,0.0,0.006000000000000005,ETH,2362.78,0.0
2026-05-04T06:20:01.285567+00:00,ETH-26JUN26-1900-C,2371.65,ETH-26JUN26,call,1900.0,2026-06-26T08:00:00+00:00,0.14529617950772558,0.2165,0.222,0.217904,0.21925,2371.65,ETH-26JUN26,0.6115999999999999,0.85547,2.05309,555.0,0.0,0.005500000000000005,ETH,2362.78,0.0
2026-05-04T06:20:01.285567+00:00,ETH-25DEC26-2500-P,2408.55,ETH-25DEC26,put,2500.0,2026-12-25T08:00:00+00:00,0.643585022765768,0.2175,0.22,0.218977,0.21875,2408.55,ETH-25DEC26,0.6175999999999999,-0.43295,7.58791,570.0,0.0,0.0025000000000000022,ETH,2362.78,0.0
2026-05-04T06:20:01.285567+00:00,ETH-6MAY26-2375-P,2366.95,index_price,put,2375.0,2026-05-06T08:00:00+00:00,0.005665789363988389,0.0155,0.0165,0.016077,0.016,,,0.47729999999999995,-0.54834,0.70418,139.0,146.0,0.0010000000000000009,ETH,2363.14,4931.04
2026-05-04T06:20:01.285567+00:00,ETH-26JUN26-2500-C,2371.65,ETH-26JUN26,call,2500.0,2026-06-26T08:00:00+00:00,0.14529617950772558,0.062,0.063,0.062509,0.0625,2371.65,ETH-26JUN26,0.5572,0.44041,3.56117,68449.0,29.0,0.0010000000000000009,ETH,2362.78,4186.77
2026-05-04T06:20:01.285567+00:00,ETH-22MAY26-2000-C,2368.555,SYN.ETH-22MAY26,call,2000.0,2026-05-22T08:00:00+00:00,0.049471401958102006,0.156,0.168,0.16158,0.162,2368.555,SYN.ETH-22MAY26,0.6001,0.90642,0.87905,0.0,0.0,0.01200000000000001,ETH,2362.78,0.0
2026-05-04T06:20:01.285567+00:00,ETH-26JUN26-2400-C,2371.79,ETH-26JUN26,call,2400.0,2026-06-26T08:00:00+00:00,0.14529617950772558,0.079,0.0805,0.079602,0.07975,2371.79,ETH-26JUN26,0.5593,0.51736,3.59857,10353.0,6.0,0.0015000000000000013,ETH,2363.14,976.42
2026-05-04T06:20:01.285567+00:00,ETH-31JUL26-2100-P,2378.1553846153847,SYN.ETH-31JUL26,put,2100.0,2026-07-31T08:00:00+00:00,0.24112095705734912,0.0595,0.061,0.060172,0.06025,2378.1553846153847,SYN.ETH-31JUL26,0.5924,-0.28544,3.96164,131.0,0.0,0.0015000000000000013,ETH,2363.14,0.0
2026-05-04T06:20:01.285567+00:00,ETH-5MAY26-2450-C,2366.95,index_price,call,2450.0,2026-05-05T08:00:00+00:00,0.002927938576856288,0.0014,0.0016,0.00148,0.0015,,,0.5143,0.10214,0.22772,676.0,532.0,0.0002000000000000001,ETH,2363.46,1050.22
2026-05-04T06:20:01.285567+00:00,ETH-26MAR27-4600-P,2430.22,ETH-26MAR27,put,4600.0,2027-03-26T08:00:00+00:00,0.8927294443947892,0.846,1.0885,0.950741,0.96725,2430.22,ETH-26MAR27,0.6309,-0.78062,6.78028,0.0,0.0,0.24250000000000005,ETH,2363.46,0.0
2026-05-04T06:20:01.285567+00:00,ETH-15MAY26-3000-C,2367.77,ETH-15MAY26,call,3000.0,2026-05-15T08:00:00+00:00,0.030306446448177298,0.0004,0.0007,0.000518,0.00055,2367.77,ETH-15MAY26,0.6068,0.01394,0.14634,880.0,1.0,0.0003,ETH,2363.46,0.93
2026-05-04T06:20:01.285567+00:00,ETH-26MAR27-3700-P,2430.22,ETH-26MAR27,put,3700.0,2027-03-26T08:00:00+00:00,0.8927294443947892,0.5285,0.748,0.622398,0.63825,2430.22,ETH-26MAR27,0.626,-0.66166,8.38825,0.0,0.0,0.21950000000000003,ETH,2363.46,0.0
2026-05-04T06:20:01.285567+00:00,ETH-29MAY26-1950-C,2369.05,ETH-29MAY26,call,1950.0,2026-05-29T08:00:00+00:00,0.06863635746802672,0.183,0.1865,0.184363,0.18475,2369.05,ETH-29MAY26,0.6023,0.90374,1.05796,304.0,50.0,0.003500000000000003,ETH,2363.46,22951.1
2026-05-04T06:20:01.285567+00:00,ETH-22MAY26-2350-C,2368.555,SYN.ETH-22MAY26,call,2350.0,2026-05-22T08:00:00+00:00,0.049471401958102006,0.049,0.05,0.049433,0.0495,2368.555,SYN.ETH-22MAY26,0.5139,0.54426,2.08578,955.0,11.0,0.0010000000000000009,ETH,2363.46,1149.94
2026-05-04T06:20:01.285567+00:00,ETH-25DEC26-1700-C,2408.55,ETH-25DEC26,call,1700.0,2026-12-25T08:00:00+00:00,0.643585022765768,0.356,0.363,0.359311,0.3595,2408.55,ETH-25DEC26,0.6513,0.8225,5.01967,72.0,0.0,0.007000000000000006,ETH,2363.46,0.0
2026-05-04T06:20:01.285567+00:00,ETH-26MAR27-2200-P,2430.22,ETH-26MAR27,put,2200.0,2027-03-26T08:00:00+00:00,0.8927294443947892,0.1795,0.183,0.181205,0.18125,2430.22,ETH-26MAR27,0.6376,-0.3213,8.21613,442.0,1.0,0.003500000000000003,ETH,2363.46,420.05
2026-05-04T06:20:01.285567+00:00,ETH-25SEP26-6000-C,2388.21,ETH-25SEP26,call,6000.0,2026-09-25T08:00:00+00:00,0.3944406011367468,0.0025,0.003,0.002643,0.00275,2388.21,ETH-25SEP26,0.6498,0.01992,0.72291,3253.0,0.0,0.0005,ETH,2363.46,0.0
2026-05-04T06:20:01.285567+00:00,ETH-15MAY26-1800-P,2367.77,ETH-15MAY26,put,1800.0,2026-05-15T08:00:00+00:00,0.030306446448177298,0.0005,0.0009,0.000712,0.0007,2367.77,ETH-15MAY26,0.7462000000000001,-0.01518,0.15748,7300.0,1.0,0.00039999999999999996,ETH,2363.46,2.56
2026-05-04T06:20:01.285567+00:00,ETH-29MAY26-2350-P,2369.05,ETH-29MAY26,put,2350.0,2026-05-29T08:00:00+00:00,0.06863635746802672,0.0505,0.0515,0.051142,0.051,2369.05,ETH-29MAY26,0.5292,-0.45345,2.45628,1987.0,210.0,0.000999999999999994,ETH,2363.46,27502.32
2026-05-04T06:20:01.285567+00:00,ETH-29MAY26-1200-P,2369.05,ETH-29MAY26,put,1200.0,2026-05-29T08:00:00+00:00,0.06863635746802672,0.0001,0.0004,0.000221,0.00025,2369.05,ETH-29MAY26,0.9769,-0.00272,0.05185,4470.0,0.0,0.00030000000000000003,ETH,2363.46,0.0
2026-05-04T06:20:01.285567+00:00,ETH-25DEC26-3200-P,2408.54,ETH-25DEC26,put,3200.0,2026-12-25T08:00:00+00:00,0.643585022765768,0.418,0.437,0.42679,0.4275,2408.54,ETH-25DEC26,0.6149,-0.63022,7.28422,265.0,0.0,0.019000000000000017,ETH,2363.46,0.0
2026-05-04T06:20:01.285567+00:00,ETH-5MAY26-2175-C,2366.95,index_price,call,2175.0,2026-05-05T08:00:00+00:00,0.002927938576856288,0.0385,0.122,0.081448,0.08025,,,0.7190000000000001,0.98521,0.04781,0.0,0.0,0.08349999999999999,ETH,2363.42,0.0
2026-05-04T06:20:01.285567+00:00,ETH-25SEP26-5400-C,2388.19,ETH-25SEP26,call,5400.0,2026-09-25T08:00:00+00:00,0.3944406011367468,0.0044,0.0049,0.00454,0.00465,2388.19,ETH-25SEP26,0.6372,0.0328,1.09754,1158.0,0.0,0.0004999999999999996,ETH,2363.46,0.0
2026-05-04T06:20:01.285567+00:00,ETH-25DEC26-10000-C,2408.55,ETH-25DEC26,call,10000.0,2026-12-25T08:00:00+00:00,0.643585022765768,0.0013,0.002,0.001598,0.00165,2408.55,ETH-25DEC26,0.6829999999999999,0.01002,0.51525,1702.0,2.0,0.0007000000000000001,ETH,2363.42,8.27
2026-05-04T06:20:01.285567+00:00,ETH-8MAY26-2200-P,2367.21,ETH-8MAY26,put,2200.0,2026-05-08T08:00:00+00:00,0.011141490938252592,0.0025,0.0028,0.002619,0.00265,2367.21,ETH-8MAY26,0.5425,-0.10011,0.43821,4939.0,167.0,0.0002999999999999999,ETH,2363.42,2150.55
2026-05-04T06:20:01.285567+00:00,ETH-29MAY26-2600-C,2369.05,ETH-29MAY26,call,2600.0,2026-05-29T08:00:00+00:00,0.06863635746802672,0.021,0.022,0.02151,0.0215,2369.05,ETH-29MAY26,0.5262,0.26884,2.04531,25015.0,55.0,0.0009999999999999974,ETH,2363.42,2760.74
2026-05-04T06:20:01.285567+00:00,ETH-25SEP26-4800-P,2388.19,ETH-25SEP26,put,4800.0,2026-09-25T08:00:00+00:00,0.3944406011367468,0.998,1.081,1.017906,1.0395,2388.19,ETH-25SEP26,0.6214,-0.94482,1.67085,110.0,0.0,0.08299999999999996,ETH,2363.42,0.0
2026-05-04T06:20:01.285567+00:00,ETH-25DEC26-5500-P,2408.55,ETH-25DEC26,put,5500.0,2026-12-25T08:00:00+00:00,0.643585022765768,1.231,1.324,1.300168,1.2775,2408.55,ETH-25DEC26,0.6347999999999999,-0.91448,3.01674,0.0,0.0,0.09299999999999997,ETH,2363.42,0.0
2026-05-04T06:20:01.285567+00:00,ETH-5MAY26-2450-P,2366.95,index_price,put,2450.0,2026-05-05T08:00:00+00:00,0.002927938576856288,0.029,0.0425,0.036388,0.03575,,,0.5143,-0.89847,0.2267,3.0,3.0,0.013500000000000002,ETH,2363.23,235.27
2026-05-04T06:20:01.285567+00:00,ETH-25SEP26-4200-C,2388.21,ETH-25SEP26,call,4200.0,2026-09-25T08:00:00+00:00,0.3944406011367468,0.015,0.016,0.01542,0.0155,2388.21,ETH-25SEP26,0.6081,0.0985,2.60034,1519.0,1.0,0.0010000000000000009,ETH,2363.42,38.12
2026-05-04T06:20:01.285567+00:00,ETH-26JUN26-6800-P,2371.65,ETH-26JUN26,put,6800.0,2026-06-26T08:00:00+00:00,0.14529617950772558,1.744,2.0045,1.867204,1.87425,2371.65,ETH-26JUN26,0.8998999999999999,-0.99815,0.05339,1.0,0.0,0.2605000000000002,ETH,2363.42,0.0
2026-05-04T06:20:01.285567+00:00,ETH-6MAY26-2000-P,2366.95,index_price,put,2000.0,2026-05-06T08:00:00+00:00,0.005665789363988389,0.0001,0.0002,0.000162,0.00015,,,0.9239,-0.00738,0.03629,2763.0,458.0,0.0001,ETH,2363.23,207.11
2026-05-04T06:20:01.285567+00:00,ETH-4MAY26-2475-C,2366.95,index_price,call,2475.0,2026-05-04T08:00:00+00:00,0.0001900877897241869,,0.0001,0.0,,,,0.8621,4e-05,5e-05,824.0,683.0,,ETH,2363.23,302.74
2026-05-04T06:20:01.285567+00:00,ETH-22MAY26-2500-C,2368.615,SYN.ETH-22MAY26,call,2500.0,2026-05-22T08:00:00+00:00,0.049471401958102006,0.0235,0.0245,0.023983,0.024,2368.615,SYN.ETH-22MAY26,0.5109,0.33289,1.91205,1157.0,79.0,0.0010000000000000009,ETH,2363.23,3941.14
2026-05-04T06:20:01.285567+00:00,ETH-4MAY26-2200-C,2366.95,index_price,call,2200.0,2026-05-04T08:00:00+00:00,0.0001900877897241869,0.0615,0.1105,0.070593,0.086,,,0.955,1.0,0.0,51.0,36.0,0.049,ETH,2363.23,6122.23
2026-05-04T06:20:01.285567+00:00,ETH-22MAY26-2600-C,2368.555,SYN.ETH-22MAY26,call,2600.0,2026-05-22T08:00:00+00:00,0.049471401958102006,0.0135,0.014,0.013913,0.01375,2368.555,SYN.ETH-22MAY26,0.5126,0.21951,1.55586,420.0,118.0,0.0005000000000000004,ETH,2363.23,3549.41
2026-05-04T06:20:01.285567+00:00,ETH-8MAY26-1800-P,2367.36,ETH-8MAY26,put,1800.0,2026-05-08T08:00:00+00:00,0.011141490938252592,,0.0002,0.000199,,2367.36,ETH-8MAY26,1.0427,-0.00571,0.04058,7881.0,136.0,,ETH,2363.41,64.13
2026-05-04T06:20:01.285567+00:00,ETH-6MAY26-2275-P,2366.95,index_price,put,2275.0,2026-05-06T08:00:00+00:00,0.005665789363988389,0.003,0.0033,0.003081,0.00315,,,0.5183,-0.15949,0.43179,34.0,18.0,0.0002999999999999999,ETH,2363.41,290.66
2026-05-04T06:20:01.285567+00:00,ETH-29MAY26-2100-C,2369.05,ETH-29MAY26,call,2100.0,2026-05-29T08:00:00+00:00,0.06863635746802672,0.1285,0.132,0.129718,0.13025,2369.05,ETH-29MAY26,0.5627,0.81088,1.67742,8122.0,0.0,0.003500000000000003,ETH,2363.41,0.0
2026-05-04T06:20:01.285567+00:00,ETH-26MAR27-5500-P,2430.22,ETH-26MAR27,put,5500.0,2027-03-26T08:00:00+00:00,0.8927294443947892,1.1835,1.447,1.298706,1.31525,2430.22,ETH-26MAR27,0.6384000000000001,-0.85413,5.24857,0.0,0.0,0.26350000000000007,ETH,2363.41,0.0
2026-05-04T06:20:01.285567+00:00,ETH-26MAR27-1400-C,2430.22,ETH-26MAR27,call,1400.0,2027-03-26T08:00:00+00:00,0.8927294443947892,0.433,0.531,0.47553,0.482,2430.22,ETH-26MAR27,0.6818000000000001,0.88017,4.58376,4.0,0.0,0.09800000000000003,ETH,2363.55,0.0
2026-05-04T06:20:01.285567+00:00,ETH-5MAY26-2050-C,2366.95,index_price,call,2050.0,2026-05-05T08:00:00+00:00,0.002927938576856288,0.1275,0.142,0.134071,0.13475,,,0.8764,0.99877,0.00521,0.0,0.0,0.014499999999999985,ETH,2363.55,0.0
2026-05-04T06:20:01.285567+00:00,ETH-26JUN26-4800-C,2371.79,ETH-26JUN26,call,4800.0,2026-06-26T08:00:00+00:00,0.14529617950772558,0.0003,0.0006,0.000354,0.00045,2371.79,ETH-26JUN26,0.6779999999999999,0.00463,0.12187,1152.0,0.0,0.0003,ETH,2363.41,0.0
2026-05-04T06:20:01.285567+00:00,ETH-26JUN26-3600-C,2371.79,ETH-26JUN26,call,3600.0,2026-06-26T08:00:00+00:00,0.14529617950772558,0.0034,0.0039,0.003568,0.00365,2371.79,ETH-26JUN26,0.5942000000000001,0.0414,0.80018,5125.0,0.0,0.0005,ETH,2363.41,0.0
2026-05-04T06:20:01.285567+00:00,ETH-15MAY26-2700-P,2367.77,ETH-15MAY26,put,2700.0,2026-05-15T08:00:00+00:00,0.030306446448177298,0.133,0.188,0.14352,0.1605,2367.77,ETH-15MAY26,0.5212,-0.92179,0.60162,0.0,0.0,0.05499999999999999,ETH,2363.55,0.0
2026-05-04T06:20:01.285567+00:00,ETH-29MAY26-1900-P,2369.05,ETH-29MAY26,put,1900.0,2026-05-29T08:00:00+00:00,0.06863635746802672,0.0055,0.006,0.005772,0.00575,2369.05,ETH-29MAY26,0.6182,-0.07577,0.88439,8455.0,138.0,0.0005000000000000004,ETH,2363.55,2515.63
2026-05-04T06:20:01.285567+00:00,ETH-15MAY26-2300-C,2367.77,ETH-15MAY26,call,2300.0,2026-05-15T08:00:00+00:00,0.030306446448177298,0.05,0.0515,0.050806,0.05075,2367.77,ETH-15MAY26,0.506,0.63932,1.54114,2451.0,650.0,0.0014999999999999944,ETH,2363.55,82193.35
2026-05-04T06:20:01.285567+00:00,ETH-6MAY26-2225-P,2366.95,index_price,put,2225.0,2026-05-06T08:00:00+00:00,0.005665789363988389,0.0013,0.0015,0.001384,0.0014,,,0.5699000000000001,-0.07621,0.25485,233.0,228.0,0.0002000000000000001,ETH,2363.58,758.39
2026-05-04T06:20:01.285567+00:00,ETH-31JUL26-2300-P,2378.1553846153847,SYN.ETH-31JUL26,put,2300.0,2026-07-31T08:00:00+00:00,0.24112095705734912,0.095,0.0965,0.095905,0.09575,2378.1553846153847,SYN.ETH-31JUL26,0.5807,-0.39949,4.50499,2186.0,6.0,0.0015000000000000013,ETH,2363.58,1460.94
2026-05-04T06:20:01.285567+00:00,ETH-26MAR27-1600-P,2430.22,ETH-26MAR27,put,1600.0,2027-03-26T08:00:00+00:00,0.8927294443947892,0.0735,0.076,0.074824,0.07475,2430.22,ETH-26MAR27,0.6635,-0.16407,5.67301,301.0,0.0,0.0025000000000000022,ETH,2363.58,0.0
2026-05-04T06:20:01.285567+00:00,ETH-26JUN26-4500-P,2371.79,ETH-26JUN26,put,4500.0,2026-06-26T08:00:00+00:00,0.14529617950772558,0.8905,0.9055,0.897883,0.898,2371.79,ETH-26JUN26,0.6577,-0.99252,0.18665,406.0,0.0,0.015000000000000013,ETH,2363.58,0.0
2026-05-04T06:20:01.285567+00:00,ETH-26JUN26-3600-P,2371.79,ETH-26JUN26,put,3600.0,2026-06-26T08:00:00+00:00,0.14529617950772558,0.5155,0.527,0.521409,0.52125,2371.79,ETH-26JUN26,0.5942000000000001,-0.95854,0.80119,2601.0,0.0,0.011500000000000066,ETH,2363.58,0.0
2026-05-04T06:20:01.285567+00:00,ETH-25DEC26-2500-C,2408.55,ETH-25DEC26,call,2500.0,2026-12-25T08:00:00+00:00,0.643585022765768,0.1795,0.183,0.181004,0.18125,2408.55,ETH-25DEC26,0.6175999999999999,0.56731,7.58955,20843.0,0.0,0.003500000000000003,ETH,2363.58,0.0
2026-05-04T06:20:01.285567+00:00,ETH-15MAY26-2350-P,2367.77,ETH-15MAY26,put,2350.0,2026-05-15T08:00:00+00:00,0.030306446448177298,0.0305,0.0315,0.031014,0.031,2367.77,ETH-15MAY26,0.5006,-0.45495,1.6319,700.0,34.0,0.0010000000000000009,ETH,2363.62,3106.28
2026-05-04T06:20:01.285567+00:00,ETH-31JUL26-2400-C,2378.1553846153847,SYN.ETH-31JUL26,call,2400.0,2026-07-31T08:00:00+00:00,0.24112095705734912,0.108,0.1095,0.108704,0.10875,2378.1553846153847,SYN.ETH-31JUL26,0.5772999999999999,0.54151,4.62805,3101.0,0.0,0.0015000000000000013,ETH,2363.62,0.0
2026-05-04T06:20:01.285567+00:00,ETH-8MAY26-2800-C,2367.21,ETH-8MAY26,call,2800.0,2026-05-08T08:00:00+00:00,0.011141490938252592,0.0001,0.0004,0.000197,0.00025,2367.21,ETH-8MAY26,0.6587000000000001,0.00827,0.05633,1670.0,36.0,0.00030000000000000003,ETH,2363.62,21.18
2026-05-04T06:20:01.285567+00:00,ETH-26MAR27-2400-P,2430.22,ETH-26MAR27,put,2400.0,2027-03-26T08:00:00+00:00,0.8927294443947892,0.225,0.2295,0.227189,0.22725,2430.22,ETH-26MAR27,0.6321,-0.37548,8.70141,242.0,0.0,0.004500000000000004,ETH,2363.62,0.0
2026-05-04T06:20:01.285567+00:00,ETH-31JUL26-2350-P,2378.1553846153847,SYN.ETH-31JUL26,put,2350.0,2026-07-31T08:00:00+00:00,0.24112095705734912,0.106,0.1075,0.106536,0.10675,2378.1553846153847,SYN.ETH-31JUL26,0.5786,-0.4291,4.57951,143.0,127.0,0.0015000000000000013,ETH,2363.62,31137.62
2026-05-04T06:20:01.285567+00:00,ETH-31JUL26-1900-P,2378.1553846153847,SYN.ETH-31JUL26,put,1900.0,2026-07-31T08:00:00+00:00,0.24112095705734912,0.0345,0.036,0.035321,0.03525,2378.1553846153847,SYN.ETH-31JUL26,0.6127,-0.18631,3.12729,575.0,13.0,0.0014999999999999944,ETH,2363.62,1224.74
2026-05-04T06:20:01.285567+00:00,ETH-26JUN26-6400-P,2371.79,ETH-26JUN26,put,6400.0,2026-06-26T08:00:00+00:00,0.14529617950772558,1.5825,1.828,1.698557,1.70525,2371.79,ETH-26JUN26,0.8552,-0.99805,0.05606,31.0,0.0,0.24550000000000005,ETH,2363.62,0.0
2026-05-04T06:20:01.285567+00:00,ETH-26JUN26-1200-P,2371.79,ETH-26JUN26,put,1200.0,2026-06-26T08:00:00+00:00,0.14529617950772558,0.0013,0.0017,0.001521,0.0015,2371.79,ETH-26JUN26,0.8545,-0.01222,0.28645,8533.0,3.0,0.00039999999999999996,ETH,2363.62,13.88
2026-05-04T06:20:01.285567+00:00,ETH-15MAY26-2500-C,2367.77,ETH-15MAY26,call,2500.0,2026-05-15T08:00:00+00:00,0.030306446448177298,0.014,0.0145,0.014402,0.01425,2367.77,ETH-15MAY26,0.4984,0.27436,1.37209,3890.0,805.0,0.0005000000000000004,ETH,2363.64,27796.67
2026-05-04T06:20:01.285567+00:00,ETH-25DEC26-6000-P,2408.55,ETH-25DEC26,put,6000.0,2026-12-25T08:00:00+00:00,0.643585022765768,1.4295,1.6115,1.503202,1.5205,2408.55,ETH-25DEC26,0.6411,-0.93571,2.42623,0.0,0.0,0.18199999999999994,ETH,2363.64,0.0
2026-05-04T06:20:01.285567+00:00,ETH-8MAY26-2000-P,2367.21,ETH-8MAY26,put,2000.0,2026-05-08T08:00:00+00:00,0.011141490938252592,0.0002,0.0004,0.000317,0.0003,2367.21,ETH-8MAY26,0.718,-0.01248,0.08065,13250.0,2060.0,0.0002,ETH,2363.64,2993.95
2026-05-04T06:20:01.285567+00:00,ETH-29MAY26-4000-C,2369.05,ETH-29MAY26,call,4000.0,2026-05-29T08:00:00+00:00,0.06863635746802672,,0.0002,0.000164,,2369.05,ETH-29MAY26,0.7059000000000001,0.00301,0.05689,3698.0,0.0,,ETH,2363.64,0.0
2026-05-04T06:20:01.285567+00:00,ETH-26MAR27-1700-C,2430.22,ETH-26MAR27,call,1700.0,2027-03-26T08:00:00+00:00,0.8927294443947892,0.338,0.4545,0.38911,0.39625,2430.22,ETH-26MAR27,0.6561,0.81169,6.19046,5.0,0.0,0.11649999999999999,ETH,2363.65,0.0
2026-05-04T06:20:01.285567+00:00,ETH-22MAY26-2800-P,2368.555,SYN.ETH-22MAY26,put,2800.0,2026-05-22T08:00:00+00:00,0.049471401958102006,0.176,0.1985,0.186541,0.18725,2368.555,SYN.ETH-22MAY26,0.5264,-0.91659,0.80725,0.0,0.0,0.02250000000000002,ETH,2363.64,0.0
2026-05-04T06:20:01.285567+00:00,ETH-29MAY26-1400-C,2369.05,ETH-29MAY26,call,1400.0,2026-05-29T08:00:00+00:00,0.06863635746802672,0.405,0.422,0.409631,0.4135,2369.05,ETH-29MAY26,0.8637,0.99249,0.1285,0.0,0.0,0.01699999999999996,ETH,2363.65,0.0
2026-05-04T06:20:01.285567+00:00,ETH-31JUL26-2700-C,2378.1553846153847,SYN.ETH-31JUL26,call,2700.0,2026-07-31T08:00:00+00:00,0.24112095705734912,0.063,0.064,0.063796,0.0635,2378.1553846153847,SYN.ETH-31JUL26,0.5738,0.37659,4.42916,60.0,3.0,0.0010000000000000009,ETH,2363.65,460.59
2026-05-04T06:20:01.285567+00:00,ETH-7MAY26-2000-C,2366.95,index_price,call,2000.0,2026-05-07T08:00:00+00:00,0.008403640151120492,0.149,0.163,0.155511,0.156,,,0.8081999999999999,0.98898,0.06286,0.0,0.0,0.014000000000000012,ETH,2363.65,0.0
2026-05-04T06:20:01.285567+00:00,ETH-25SEP26-2000-P,2388.21,ETH-25SEP26,put,2000.0,2026-09-25T08:00:00+00:00,0.3944406011367468,0.073,0.0745,0.074045,0.07375,2388.21,ETH-25SEP26,0.6161,-0.2584,4.8446,13220.0,9.0,0.0015000000000000013,ETH,2363.65,1543.66
2026-05-04T06:20:01.285567+00:00,ETH-29MAY26-2150-P,2369.05,ETH-29MAY26,put,2150.0,2026-05-29T08:00:00+00:00,0.06863635746802672,0.0205,0.021,0.020707,0.02075,2369.05,ETH-29MAY26,0.5526,-0.23188,1.8911,7819.0,66.0,0.0005000000000000004,ETH,2363.65,3776.3
2026-05-04T06:20:01.285567+00:00,ETH-25DEC26-1400-P,2408.55,ETH-25DEC26,put,1400.0,2026-12-25T08:00:00+00:00,0.643585022765768,0.034,0.0355,0.034943,0.03475,2408.55,ETH-25DEC26,0.6849,-0.10395,3.48405,2844.0,0.0,0.0014999999999999944,ETH,2363.65,0.0
2026-05-04T06:20:01.285567+00:00,ETH-5MAY26-2425-P,2366.95,index_price,put,2425.0,2026-05-05T08:00:00+00:00,0.002927938576856288,0.0205,0.0325,0.027056,0.0265,,,0.49369999999999997,-0.82651,0.32757,0.0,0.0,0.012,ETH,2363.63,0.0
2026-05-04T06:20:01.285567+00:00,ETH-26JUN26-5500-C,2371.79,ETH-26JUN26,call,5500.0,2026-06-26T08:00:00+00:00,0.14529617950772558,0.0002,0.0003,0.00024,0.00025,2371.79,ETH-26JUN26,0.7614,0.00293,0.08088,45118.0,10.0,9.999999999999996e-05,ETH,2363.65,4.62
2026-05-04T06:20:01.285567+00:00,ETH-6MAY26-2600-P,2366.95,index_price,put,2600.0,2026-05-06T08:00:00+00:00,0.005665789363988389,0.088,0.11,0.098822,0.099,,,0.6294,-0.9769,0.09728,0.0,0.0,0.022000000000000006,ETH,2363.63,0.0
2026-05-04T06:20:01.285567+00:00,ETH-26JUN26-6600-P,2371.79,ETH-26JUN26,put,6600.0,2026-06-26T08:00:00+00:00,0.14529617950772558,1.663,1.916,1.78288,1.7895,2371.79,ETH-26JUN26,0.8779,-0.9981,0.0547,0.0,0.0,0.2529999999999999,ETH,2363.63,0.0
2026-05-04T06:20:01.285567+00:00,ETH-25SEP26-1800-P,2388.19,ETH-25SEP26,put,1800.0,2026-09-25T08:00:00+00:00,0.3944406011367468,0.0475,0.0485,0.048079,0.048,2388.19,ETH-25SEP26,0.6342,-0.18261,3.96717,3138.0,26.0,0.0010000000000000009,ETH,2363.63,3210.27
2026-05-04T06:20:01.285567+00:00,ETH-25DEC26-9000-P,2408.55,ETH-25DEC26,put,9000.0,2026-12-25T08:00:00+00:00,0.643585022765768,2.632,2.883,2.739198,2.7575,2408.55,ETH-25DEC26,0.6748999999999999,-0.98484,0.73759,0.0,0.0,0.2509999999999999,ETH,2363.63,0.0
2026-05-04T06:20:01.285567+00:00,ETH-26JUN26-5400-P,2371.79,ETH-26JUN26,put,5400.0,2026-06-26T08:00:00+00:00,0.14529617950772558,1.1785,1.3865,1.277001,1.2825,2371.79,ETH-26JUN26,0.7469,-0.99702,0.08205,15.0,0.0,0.20799999999999996,ETH,2363.63,0.0
2026-05-04T06:20:01.285567+00:00,ETH-22MAY26-2600-P,2368.555,SYN.ETH-22MAY26,put,2600.0,2026-05-22T08:00:00+00:00,0.049471401958102006,0.104,0.1175,0.111638,0.11075,2368.555,SYN.ETH-22MAY26,0.5126,-0.78026,1.55691,0.0,0.0,0.013499999999999998,ETH,2363.63,0.0
2026-05-04T06:20:01.285567+00:00,ETH-7MAY26-2375-C,2366.95,index_price,call,2375.0,2026-05-07T08:00:00+00:00,0.008403640151120492,0.0155,0.0165,0.015985,0.016,,,0.4782,0.46469,0.86088,2158.0,2272.0,0.0010000000000000009,ETH,2363.49,43735.6
2026-05-04T06:20:01.285567+00:00,ETH-25DEC26-4600-C,2408.55,ETH-25DEC26,call,4600.0,2026-12-25T08:00:00+00:00,0.643585022765768,0.0305,0.0325,0.031515,0.0315,2408.55,ETH-25DEC26,0.6249,0.14854,4.4704,8211.0,1.0,0.0020000000000000018,ETH,2363.49,76.15
2026-05-04T06:20:01.285567+00:00,ETH-25DEC26-10000-P,2408.55,ETH-25DEC26,put,10000.0,2026-12-25T08:00:00+00:00,0.643585022765768,2.973,3.3575,3.15349,3.16525,2408.55,ETH-25DEC26,0.6829999999999999,-0.98998,0.51535,0.0,0.0,0.38450000000000006,ETH,2363.49,0.0
2026-05-04T06:20:01.285567+00:00,ETH-22MAY26-2500-P,2368.555,SYN.ETH-22MAY26,put,2500.0,2026-05-22T08:00:00+00:00,0.049471401958102006,0.0735,0.08,0.079488,0.07675,2368.555,SYN.ETH-22MAY26,0.5109,-0.66694,1.91253,18.0,0.0,0.006500000000000006,ETH,2363.49,0.0
2026-05-04T06:20:01.285567+00:00,ETH-26MAR27-3200-P,2430.22,ETH-26MAR27,put,3200.0,2027-03-26T08:00:00+00:00,0.8927294443947892,0.4445,0.5725,0.455248,0.5085,2430.22,ETH-26MAR27,0.6256,-0.56834,9.01571,0.0,0.0,0.128,ETH,2363.48,0.0
2026-05-04T06:20:01.285567+00:00,ETH-26MAR27-2600-C,2430.22,ETH-26MAR27,call,2600.0,2027-03-26T08:00:00+00:00,0.8927294443947892,0.2065,0.2105,0.20865,0.2085,2430.22,ETH-26MAR27,0.6294,0.57201,9.0008,302.0,0.0,0.0040000000000000036,ETH,2363.48,0.0
2026-05-04T06:20:01.285567+00:00,ETH-25SEP26-2500-C,2388.21,ETH-25SEP26,call,2500.0,2026-09-25T08:00:00+00:00,0.3944406011367468,0.1295,0.1305,0.129768,0.13,2388.21,ETH-25SEP26,0.5963,0.52445,5.96579,3592.0,205.0,0.0010000000000000009,ETH,2363.48,61391.68
2026-05-04T06:20:01.285567+00:00,ETH-5MAY26-2400-C,2366.95,index_price,call,2400.0,2026-05-05T08:00:00+00:00,0.002927938576856288,0.0047,0.0055,0.004941,0.0051,,,0.47950000000000004,0.28208,0.43164,427.0,200.0,0.0007999999999999995,ETH,2363.48,1569.91
2026-05-04T06:20:01.285567+00:00,ETH-5MAY26-2300-C,2366.95,index_price,call,2300.0,2026-05-05T08:00:00+00:00,0.002927938576856288,0.025,0.037,0.030497,0.031,,,0.5078,0.84247,0.30772,106.0,56.0,0.011999999999999997,ETH,2363.48,2004.59
2026-05-04T06:20:01.285567+00:00,ETH-7MAY26-2425-P,2366.95,index_price,put,2425.0,2026-05-07T08:00:00+00:00,0.008403640151120492,0.0265,0.034,0.032465,0.03025,,,0.47979999999999995,-0.7129,0.73804,0.0,0.0,0.007500000000000003,ETH,2363.39,0.0
2026-05-04T06:20:01.285567+00:00,ETH-29MAY26-2550-C,2369.05,ETH-29MAY26,call,2550.0,2026-05-29T08:00:00+00:00,0.06863635746802672,0.0265,0.027,0.026763,0.02675,2369.05,ETH-29MAY26,0.5257999999999999,0.31699,2.208,4538.0,184.0,0.0005000000000000004,ETH,2363.39,9178.2
2026-05-04T06:20:01.285567+00:00,ETH-25SEP26-2600-P,2388.19,ETH-25SEP26,put,2600.0,2026-09-25T08:00:00+00:00,0.3944406011367468,0.2015,0.2035,0.203193,0.2025,2388.19,ETH-25SEP26,0.5953,-0.51757,5.97122,8375.0,52.0,0.001999999999999974,ETH,2363.48,26052.03
2026-05-04T06:20:01.285567+00:00,ETH-26JUN26-2500-P,2371.65,ETH-26JUN26,put,2500.0,2026-06-26T08:00:00+00:00,0.14529617950772558,0.116,0.1175,0.116565,0.11675,2371.65,ETH-26JUN26,0.5572,-0.559,3.56309,5339.0,224.0,0.0014999999999999875,ETH,2363.48,59625.08
2026-05-04T06:20:01.285567+00:00,ETH-29MAY26-4000-P,2369.05,ETH-29MAY26,put,4000.0,2026-05-29T08:00:00+00:00,0.06863635746802672,0.616,0.7695,0.688619,0.69275,2369.05,ETH-29MAY26,0.7059000000000001,-0.997,0.05679,0.0,0.0,0.15349999999999997,ETH,2363.39,0.0
2026-05-04T06:20:01.285567+00:00,ETH-26JUN26-7400-C,2371.65,ETH-26JUN26,call,7400.0,2026-06-26T08:00:00+00:00,0.14529617950772558,,0.0002,9.6e-05,,2371.65,ETH-26JUN26,0.9197,0.00106,0.03202,2198.0,0.0,,ETH,2363.39,0.0
2026-05-04T06:20:01.285567+00:00,ETH-31JUL26-2400-P,2378.209230769231,SYN.ETH-31JUL26,put,2400.0,2026-07-31T08:00:00+00:00,0.24112095705734912,0.117,0.1185,0.11795,0.11775,2378.209230769231,SYN.ETH-31JUL26,0.5772999999999999,-0.45846,4.6281,45.0,1.0,0.0014999999999999875,ETH,2363.39,276.39
2026-05-04T06:20:01.285567+00:00,ETH-31JUL26-1900-C,2378.1553846153847,SYN.ETH-31JUL26,call,1900.0,2026-07-31T08:00:00+00:00,0.24112095705734912,0.2325,0.2415,0.236334,0.237,2378.1553846153847,SYN.ETH-31JUL26,0.6127,0.81365,3.12755,0.0,0.0,0.00899999999999998,ETH,2363.39,0.0
2026-05-04T06:20:01.285567+00:00,ETH-29MAY26-2700-C,2369.05,ETH-29MAY26,call,2700.0,2026-05-29T08:00:00+00:00,0.06863635746802672,0.0135,0.014,0.013714,0.01375,2369.05,ETH-29MAY26,0.5292,0.18811,1.67175,18160.0,349.0,0.0005000000000000004,ETH,2363.21,10476.0
2026-05-04T06:20:01.285567+00:00,ETH-25DEC26-8000-C,2408.54,ETH-25DEC26,call,8000.0,2026-12-25T08:00:00+00:00,0.643585022765768,0.0037,0.004,0.003882,0.00385,2408.54,ETH-25DEC26,0.6620999999999999,0.02297,1.05028,2525.0,11.0,0.0002999999999999999,ETH,2363.21,95.84
2026-05-04T06:20:01.285567+00:00,ETH-5MAY26-2600-P,2366.95,index_price,put,2600.0,2026-05-05T08:00:00+00:00,0.002927938576856288,0.051,0.1515,0.098401,0.10125,,,0.737,-0.99066,0.03207,0.0,0.0,0.1005,ETH,2363.21,0.0
2026-05-04T06:20:01.285567+00:00,ETH-5MAY26-2200-P,2366.95,index_price,put,2200.0,2026-05-05T08:00:00+00:00,0.002927938576856288,0.0002,0.0003,0.000263,0.00025,,,0.6642,-0.02109,0.06471,678.0,718.0,9.999999999999996e-05,ETH,2363.21,1253.61
2026-05-04T06:20:01.285567+00:00,ETH-29MAY26-2550-P,2369.03,ETH-29MAY26,put,2550.0,2026-05-29T08:00:00+00:00,0.06863635746802672,0.098,0.1045,0.103153,0.10125,2369.03,ETH-29MAY26,0.5257999999999999,-0.68301,2.208,173.0,0.0,0.006499999999999992,ETH,2363.21,0.0
2026-05-04T06:20:01.285567+00:00,ETH-29MAY26-2200-P,2369.05,ETH-29MAY26,put,2200.0,2026-05-29T08:00:00+00:00,0.06863635746802672,0.026,0.027,0.026381,0.0265,2369.05,ETH-29MAY26,0.5446,-0.2813,2.09124,10572.0,692.0,0.0010000000000000009,ETH,2363.21,41868.36
2026-05-04T06:20:01.285567+00:00,ETH-29MAY26-2050-C,2369.05,ETH-29MAY26,call,2050.0,2026-05-29T08:00:00+00:00,0.06863635746802672,0.146,0.1495,0.147184,0.14775,2369.05,ETH-29MAY26,0.574,0.84759,1.46061,5861.0,0.0,0.003500000000000003,ETH,2363.13,0.0
2026-05-04T06:20:01.285567+00:00,ETH-8MAY26-2400-P,2367.21,ETH-8MAY26,put,2400.0,2026-05-08T08:00:00+00:00,0.011141490938252592,0.0275,0.0285,0.027934,0.028,2367.21,ETH-8MAY26,0.479,-0.6099,0.9572,1554.0,84.0,0.0010000000000000009,ETH,2363.13,5882.19
2026-05-04T06:20:01.285567+00:00,ETH-26JUN26-6200-P,2371.65,ETH-26JUN26,put,6200.0,2026-06-26T08:00:00+00:00,0.14529617950772558,1.502,1.7395,1.614233,1.62075,2371.65,ETH-26JUN26,0.8316,-0.99799,0.05742,18.0,0.0,0.23750000000000004,ETH,2363.13,0.0
2026-05-04T06:20:01.285567+00:00,ETH-26JUN26-3500-P,2371.65,ETH-26JUN26,put,3500.0,2026-06-26T08:00:00+00:00,0.14529617950772558,0.475,0.4855,0.480211,0.48025,2371.65,ETH-26JUN26,0.5877,-0.94859,0.95212,3282.0,0.0,0.01050000000000001,ETH,2363.13,0.0
2026-05-04T06:20:01.285567+00:00,ETH-25DEC26-3100-P,2408.54,ETH-25DEC26,put,3100.0,2026-12-25T08:00:00+00:00,0.643585022765768,0.386,0.399,0.394133,0.3925,2408.54,ETH-25DEC26,0.6148,-0.60578,7.42562,0.0,0.0,0.013000000000000012,ETH,2363.13,0.0
2026-05-04T06:20:01.285567+00:00,ETH-26JUN26-7200-C,2371.79,ETH-26JUN26,call,7200.0,2026-06-26T08:00:00+00:00,0.14529617950772558,,0.0002,9.8e-05,,2371.79,ETH-26JUN26,0.9013,0.0011,0.03306,963.0,0.0,,ETH,2363.13,0.0
2026-05-04T06:20:01.285567+00:00,ETH-25DEC26-6500-C,2408.54,ETH-25DEC26,call,6500.0,2026-12-25T08:00:00+00:00,0.643585022765768,0.0085,0.0095,0.008898,0.009,2408.54,ETH-25DEC26,0.6469,0.04893,1.95608,1671.0,1.0,0.0009999999999999992,ETH,2363.13,21.37
2026-05-04T06:20:01.285567+00:00,ETH-8MAY26-2150-C,2367.21,ETH-8MAY26,call,2150.0,2026-05-08T08:00:00+00:00,0.011141490938252592,0.087,0.101,0.093271,0.094,2367.21,ETH-8MAY26,0.58,0.9426,0.28701,84.0,0.0,0.014000000000000012,ETH,2363.22,0.0
2026-05-04T06:20:01.285567+00:00,ETH-26MAR27-3800-C,2430.22,ETH-26MAR27,call,3800.0,2027-03-26T08:00:00+00:00,0.8927294443947892,0.092,0.0955,0.093835,0.09375,2430.22,ETH-26MAR27,0.6263000000000001,0.32212,8.22414,608.0,0.0,0.003500000000000003,ETH,2363.22,0.0
2026-05-04T06:20:01.285567+00:00,ETH-5MAY26-2125-P,2366.95,index_price,put,2125.0,2026-05-05T08:00:00+00:00,0.002927938576856288,,0.0001,0.000112,,,,0.8290000000000001,-0.0078,0.02739,416.0,3.0,,ETH,2363.22,1.85
2026-05-04T06:20:01.285567+00:00,ETH-15MAY26-2800-P,2367.77,ETH-15MAY26,put,2800.0,2026-05-15T08:00:00+00:00,0.030306446448177298,0.173,0.196,0.18422,0.1845,2367.77,ETH-15MAY26,0.5492,-0.95744,0.37301,0.0,0.0,0.02300000000000002,ETH,2363.22,0.0
2026-05-04T06:20:01.285567+00:00,ETH-31JUL26-4400-C,2378.1553846153847,SYN.ETH-31JUL26,call,4400.0,2026-07-31T08:00:00+00:00,0.24112095705734912,0.0028,0.0032,0.002988,0.003,2378.1553846153847,SYN.ETH-31JUL26,0.6106,0.02831,0.7561,52.0,11.0,0.0004000000000000002,ETH,2363.22,78.42
2026-05-04T06:20:01.285567+00:00,ETH-25SEP26-1500-P,2388.19,ETH-25SEP26,put,1500.0,2026-09-25T08:00:00+00:00,0.3944406011367468,0.0225,0.0235,0.023151,0.023,2388.19,ETH-25SEP26,0.6776000000000001,-0.09651,2.56133,7335.0,0.0,0.0010000000000000009,ETH,2363.22,0.0
2026-05-04T06:20:01.285567+00:00,ETH-31JUL26-2050-P,2378.0115384615387,SYN.ETH-31JUL26,put,2050.0,2026-07-31T08:00:00+00:00,0.24112095705734912,0.0525,0.0535,0.052987,0.053,2378.0115384615387,SYN.ETH-31JUL26,0.5966,-0.25859,3.77235,96.0,0.0,0.0010000000000000009,ETH,2363.22,0.0
2026-05-04T06:20:01.285567+00:00,ETH-25DEC26-2400-P,2408.54,ETH-25DEC26,put,2400.0,2026-12-25T08:00:00+00:00,0.643585022765768,0.193,0.1955,0.194125,0.19425,2408.54,ETH-25DEC26,0.6193,-0.40045,7.45694,1444.0,0.0,0.0025000000000000022,ETH,2363.22,0.0
2026-05-04T06:20:01.285567+00:00,ETH-29MAY26-2250-P,2369.05,ETH-29MAY26,put,2250.0,2026-05-29T08:00:00+00:00,0.06863635746802672,0.033,0.034,0.033342,0.0335,2369.05,ETH-29MAY26,0.5386,-0.33557,2.25969,14443.0,54.0,0.0010000000000000009,ETH,2363.22,4650.32
2026-05-04T06:20:01.285567+00:00,ETH-31JUL26-3800-P,2378.1553846153847,SYN.ETH-31JUL26,put,3800.0,2026-07-31T08:00:00+00:00,0.24112095705734912,0.536,0.6825,0.606265,0.60925,2378.1553846153847,SYN.ETH-31JUL26,0.5927,-0.92934,1.57726,0.0,0.0,0.14649999999999996,ETH,2363.22,0.0
2026-05-04T06:20:01.285567+00:00,ETH-4MAY26-2500-C,2366.95,index_price,call,2500.0,2026-05-04T08:00:00+00:00,0.0001900877897241869,,0.0001,0.0,,,,0.9543,1e-05,1e-05,20.0,18.0,,ETH,2363.22,4.49
2026-05-04T06:20:01.285567+00:00,ETH-15MAY26-2700-C,2367.77,ETH-15MAY26,call,2700.0,2026-05-15T08:00:00+00:00,0.030306446448177298,0.003,0.0034,0.003202,0.0032,2367.77,ETH-15MAY26,0.5212,0.07787,0.59952,2612.0,1017.0,0.00039999999999999975,ETH,2363.16,7726.7
2026-05-04T06:20:01.285567+00:00,ETH-26JUN26-3400-P,2371.79,ETH-26JUN26,put,3400.0,2026-06-26T08:00:00+00:00,0.14529617950772558,0.4335,0.4445,0.439342,0.439,2371.79,ETH-26JUN26,0.5820000000000001,-0.93569,1.13531,5895.0,0.0,0.01100000000000001,ETH,2363.22,0.0
2026-05-04T06:20:01.285567+00:00,ETH-26MAR27-2300-P,2430.22,ETH-26MAR27,put,2300.0,2027-03-26T08:00:00+00:00,0.8927294443947892,0.202,0.2055,0.203766,0.20375,2430.22,ETH-26MAR27,0.6352,-0.34852,8.4814,98.0,0.0,0.0034999999999999754,ETH,2363.16,0.0
2026-05-04T06:20:01.285567+00:00,ETH-26JUN26-1500-C,2371.65,ETH-26JUN26,call,1500.0,2026-06-26T08:00:00+00:00,0.14529617950772558,0.3675,0.3775,0.372006,0.3725,2371.65,ETH-26JUN26,0.7254999999999999,0.96321,0.72676,162.0,0.0,0.010000000000000009,ETH,2363.16,0.0
2026-05-04T06:20:01.285567+00:00,ETH-26MAR27-1700-P,2430.22,ETH-26MAR27,put,1700.0,2027-03-26T08:00:00+00:00,0.8927294443947892,0.087,0.09,0.088592,0.0885,2430.22,ETH-26MAR27,0.6561,-0.1884,6.19099,235.0,1.0,0.0030000000000000027,ETH,2363.16,203.8
2026-05-04T06:20:01.285567+00:00,ETH-29MAY26-3600-C,2369.03,ETH-29MAY26,call,3600.0,2026-05-29T08:00:00+00:00,0.06863635746802672,0.0002,0.0005,0.000312,0.00035,2369.03,ETH-29MAY26,0.6191,0.00611,0.10703,2709.0,0.0,0.00030000000000000003,ETH,2363.16,0.0
2026-05-04T06:20:01.285567+00:00,ETH-29MAY26-1850-C,2369.03,ETH-29MAY26,call,1850.0,2026-05-29T08:00:00+00:00,0.06863635746802672,0.219,0.23,0.223552,0.2245,2369.03,ETH-29MAY26,0.6358,0.9404,0.73451,50.0,50.0,0.01100000000000001,ETH,2363.16,27602.19
2026-05-04T06:20:01.285567+00:00,ETH-6MAY26-2400-P,2366.95,index_price,put,2400.0,2026-05-06T08:00:00+00:00,0.005665789363988389,0.021,0.0235,0.022307,0.02225,,,0.4731,-0.66156,0.65029,32.0,33.0,0.0024999999999999988,ETH,2363.15,1516.35
2026-05-04T06:20:01.285567+00:00,ETH-25SEP26-12000-C,2388.19,ETH-25SEP26,call,12000.0,2026-09-25T08:00:00+00:00,0.3944406011367468,0.0001,0.0004,0.00011,0.00025,2388.19,ETH-25SEP26,0.7665000000000001,0.00092,0.04681,1353.0,0.0,0.00030000000000000003,ETH,2363.16,0.0
2026-05-04T06:20:01.285567+00:00,ETH-5MAY26-2250-C,2366.95,index_price,call,2250.0,2026-05-05T08:00:00+00:00,0.002927938576856288,0.0415,0.0725,0.050241,0.057,,,0.5783,0.94484,0.14239,0.0,0.0,0.030999999999999993,ETH,2363.15,0.0
2026-05-04T06:20:01.285567+00:00,ETH-7MAY26-2300-P,2366.95,index_price,put,2300.0,2026-05-07T08:00:00+00:00,0.008403640151120492,0.007,0.0075,0.007033,0.00725,,,0.49310000000000004,-0.26743,0.7127,3.0,3.0,0.0004999999999999996,ETH,2363.15,72.4
2026-05-04T06:20:01.285567+00:00,ETH-26MAR27-4200-P,2430.22,ETH-26MAR27,put,4200.0,2027-03-26T08:00:00+00:00,0.8927294443947892,0.701,0.9335,0.801166,0.81725,2430.22,ETH-26MAR27,0.6272,-0.73534,7.50679,0.0,0.0,0.23250000000000004,ETH,2363.15,0.0
2026-05-04T06:20:01.285567+00:00,ETH-26JUN26-6600-C,2371.79,ETH-26JUN26,call,6600.0,2026-06-26T08:00:00+00:00,0.14529617950772558,,0.0002,0.000172,,2371.79,ETH-26JUN26,0.8779,0.0019,0.05457,1888.0,0.0,,ETH,2363.15,0.0
2026-05-04T06:20:01.285567+00:00,ETH-8MAY26-2350-C,2367.36,ETH-8MAY26,call,2350.0,2026-05-08T08:00:00+00:00,0.011141490938252592,0.0235,0.0245,0.024203,0.024,2367.36,ETH-8MAY26,0.4843,0.55433,0.98589,7748.0,1426.0,0.0010000000000000009,ETH,2363.23,68009.62
2026-05-04T06:20:01.285567+00:00,ETH-7MAY26-2100-C,2366.95,index_price,call,2100.0,2026-05-07T08:00:00+00:00,0.008403640151120492,0.1075,0.121,0.113591,0.11425,,,0.6751,0.97391,0.1312,0.0,0.0,0.013499999999999998,ETH,2363.23,0.0
2026-05-04T06:20:01.285567+00:00,ETH-31JUL26-1600-P,2378.1553846153847,SYN.ETH-31JUL26,put,1600.0,2026-07-31T08:00:00+00:00,0.24112095705734912,0.014,0.0145,0.014558,0.01425,2378.1553846153847,SYN.ETH-31JUL26,0.6657,-0.08521,1.81812,824.0,0.0,0.0005000000000000004,ETH,2363.23,0.0
2026-05-04T06:20:01.285567+00:00,ETH-25SEP26-5800-C,2388.19,ETH-25SEP26,call,5800.0,2026-09-25T08:00:00+00:00,0.3944406011367468,0.003,0.0035,0.003139,0.00325,2388.19,ETH-25SEP26,0.6454000000000001,0.02336,0.82713,4891.0,0.0,0.0005,ETH,2363.23,0.0
2026-05-04T06:20:01.285567+00:00,ETH-25DEC26-1900-C,2408.55,ETH-25DEC26,call,1900.0,2026-12-25T08:00:00+00:00,0.643585022765768,0.3015,0.308,0.304766,0.30475,2408.55,ETH-25DEC26,0.6378,0.76301,5.95737,69.0,0.0,0.006500000000000006,ETH,2363.23,0.0
2026-05-04T06:20:01.285567+00:00,ETH-5MAY26-2500-C,2366.95,index_price,call,2500.0,2026-05-05T08:00:00+00:00,0.002927938576856288,0.0004,0.0007,0.000508,0.00055,,,0.5740999999999999,0.03696,0.10318,57.0,53.0,0.0003,ETH,2363.23,106.43
2026-05-04T06:20:01.285567+00:00,ETH-7MAY26-2600-C,2366.95,index_price,call,2600.0,2026-05-07T08:00:00+00:00,0.008403640151120492,0.0006,0.0009,0.000762,0.00075,,,0.5654,0.03474,0.16634,90.0,90.0,0.00030000000000000003,ETH,2363.13,137.34
2026-05-04T06:20:01.285567+00:00,ETH-4MAY26-2050-P,2366.95,index_price,put,2050.0,2026-05-04T08:00:00+00:00,0.0001900877897241869,,0.0001,0.0,,,,1.0558,0.0,0.0,10.0,0.0,,ETH,2363.23,0.0
2026-05-04T06:20:01.285567+00:00,ETH-26MAR27-1000-P,2430.22,ETH-26MAR27,put,1000.0,2027-03-26T08:00:00+00:00,0.8927294443947892,0.02,0.022,0.021108,0.021,2430.22,ETH-26MAR27,0.7422,-0.05322,2.48548,2486.0,10.0,0.0019999999999999983,ETH,2363.13,513.52
2026-05-04T06:20:01.285567+00:00,ETH-15MAY26-2000-P,2367.77,ETH-15MAY26,put,2000.0,2026-05-15T08:00:00+00:00,0.030306446448177298,0.0023,0.0025,0.002425,0.0024,2367.77,ETH-15MAY26,0.6154999999999999,-0.05333,0.44679,14040.0,1090.0,0.0002000000000000001,ETH,2363.13,5401.59
2026-05-04T06:20:01.285567+00:00,ETH-26JUN26-1600-C,2371.65,ETH-26JUN26,call,1600.0,2026-06-26T08:00:00+00:00,0.14529617950772558,0.3305,0.334,0.331859,0.33225,2371.65,ETH-26JUN26,0.6926000000000001,0.947,0.97535,1765.0,0.0,0.003500000000000003,ETH,2363.13,0.0
2026-05-04T06:20:01.285567+00:00,ETH-31JUL26-2250-P,2378.1553846153847,SYN.ETH-31JUL26,put,2250.0,2026-07-31T08:00:00+00:00,0.24112095705734912,0.085,0.0865,0.085924,0.08575,2378.1553846153847,SYN.ETH-31JUL26,0.583,-0.37033,4.40472,281.0,101.0,0.0014999999999999875,ETH,2363.13,19686.42
2026-05-04T06:20:01.285567+00:00,ETH-8MAY26-2700-P,2367.21,ETH-8MAY26,put,2700.0,2026-05-08T08:00:00+00:00,0.011141490938252592,0.0915,0.1965,0.1409,0.144,2367.21,ETH-8MAY26,0.5871,-0.98273,0.10661,0.0,0.0,0.10500000000000001,ETH,2363.15,0.0
2026-05-04T06:20:01.285567+00:00,ETH-26JUN26-4200-C,2371.79,ETH-26JUN26,call,4200.0,2026-06-26T08:00:00+00:00,0.14529617950772558,0.0009,0.0013,0.001044,0.0011,2371.79,ETH-26JUN26,0.6399,0.01301,0.30244,7435.0,3.0,0.00039999999999999996,ETH,2363.13,6.54
2026-05-04T06:20:01.285567+00:00,ETH-26JUN26-7500-P,2371.79,ETH-26JUN26,put,7500.0,2026-06-26T08:00:00+00:00,0.14529617950772558,2.026,2.3125,2.162258,2.16925,2371.79,ETH-26JUN26,0.9242,-0.99902,0.02993,0.0,0.0,0.2865000000000002,ETH,2363.13,0.0
2026-05-04T06:20:01.285567+00:00,ETH-22MAY26-1800-C,2368.555,SYN.ETH-22MAY26,call,1800.0,2026-05-22T08:00:00+00:00,0.049471401958102006,0.2365,0.248,0.242074,0.24225,2368.555,SYN.ETH-22MAY26,0.6945999999999999,0.96735,0.38389,1.0,0.0,0.01150000000000001,ETH,2363.13,0.0
2026-05-04T06:20:01.285567+00:00,ETH-29MAY26-1200-C,2369.05,ETH-29MAY26,call,1200.0,2026-05-29T08:00:00+00:00,0.06863635746802672,0.4905,0.5045,0.493684,0.4975,2369.05,ETH-29MAY26,0.9769,0.99728,0.05188,5.0,0.0,0.013999999999999957,ETH,2363.15,0.0
2026-05-04T06:20:01.285567+00:00,ETH-6MAY26-2375-C,2366.95,index_price,call,2375.0,2026-05-06T08:00:00+00:00,0.005665789363988389,0.0125,0.013,0.01275,0.01275,,,0.47729999999999995,0.45361,0.7046,178.0,212.0,0.0004999999999999987,ETH,2363.56,4378.63
2026-05-04T06:20:01.285567+00:00,ETH-29MAY26-1700-C,2369.05,ETH-29MAY26,call,1700.0,2026-05-29T08:00:00+00:00,0.06863635746802672,0.2795,0.2905,0.284605,0.285,2369.05,ETH-29MAY26,0.7021,0.97044,0.41661,77.0,0.0,0.010999999999999954,ETH,2363.15,0.0
2026-05-04T06:20:01.285567+00:00,ETH-26MAR27-2800-P,2430.37,ETH-26MAR27,put,2800.0,2027-03-26T08:00:00+00:00,0.8927294443947892,0.33,0.3395,0.33387,0.33475,2430.37,ETH-26MAR27,0.6275,-0.47801,9.13525,8.0,0.0,0.009500000000000008,ETH,2363.56,0.0
2026-05-04T06:20:01.285567+00:00,ETH-7MAY26-2100-P,2366.95,index_price,put,2100.0,2026-05-07T08:00:00+00:00,0.008403640151120492,0.0005,0.0007,0.000583,0.0006,,,0.6751,-0.02595,0.13063,50.0,50.0,0.00019999999999999998,ETH,2363.56,105.0
2026-05-04T06:20:01.285567+00:00,ETH-22MAY26-2450-P,2368.555,SYN.ETH-22MAY26,put,2450.0,2026-05-22T08:00:00+00:00,0.049471401958102006,0.0645,0.066,0.065276,0.06525,2368.555,SYN.ETH-22MAY26,0.5104,-0.60096,2.03111,5.0,5.0,0.0015000000000000013,ETH,2363.15,742.63
2026-05-04T06:20:01.285567+00:00,ETH-25DEC26-2400-C,2408.55,ETH-25DEC26,call,2400.0,2026-12-25T08:00:00+00:00,0.643585022765768,0.1965,0.199,0.19767,0.19775,2408.55,ETH-25DEC26,0.6193,0.59967,7.45752,1821.0,0.0,0.0025000000000000022,ETH,2363.56,0.0
2026-05-04T06:20:01.285567+00:00,ETH-4MAY26-2175-P,2366.95,index_price,put,2175.0,2026-05-04T08:00:00+00:00,0.0001900877897241869,,0.0001,0.0,,,,0.9554,0.0,0.0,299.0,134.0,,ETH,2363.56,34.5
2026-05-04T06:20:01.285567+00:00,ETH-25DEC26-1700-P,2408.54,ETH-25DEC26,put,1700.0,2026-12-25T08:00:00+00:00,0.643585022765768,0.064,0.066,0.065132,0.065,2408.54,ETH-25DEC26,0.6513,-0.17759,5.0203,16187.0,0.0,0.0020000000000000018,ETH,2363.56,0.0
2026-05-04T06:20:01.285567+00:00,ETH-25SEP26-8500-P,2388.19,ETH-25SEP26,put,8500.0,2026-09-25T08:00:00+00:00,0.3944406011367468,2.406,2.731,2.559627,2.5685,2388.19,ETH-25SEP26,0.7001000000000001,-0.9962,0.16945,0.0,0.0,0.32499999999999973,ETH,2363.56,0.0
2026-05-04T06:20:01.285567+00:00,ETH-29MAY26-2150-C,2369.05,ETH-29MAY26,call,2150.0,2026-05-29T08:00:00+00:00,0.06863635746802672,0.112,0.1155,0.113163,0.11375,2369.05,ETH-29MAY26,0.5526,0.76816,1.89095,13135.0,0.0,0.003500000000000003,ETH,2363.72,0.0
2026-05-04T06:20:01.285567+00:00,ETH-29MAY26-2400-P,2369.03,ETH-29MAY26,put,2400.0,2026-05-29T08:00:00+00:00,0.06863635746802672,0.0615,0.063,0.06223,0.06225,2369.03,ETH-29MAY26,0.5273,-0.51407,2.47162,4429.0,72.0,0.0015000000000000013,ETH,2363.72,11269.15
2026-05-04T06:20:01.285567+00:00,ETH-26JUN26-5200-P,2371.79,ETH-26JUN26,put,5200.0,2026-06-26T08:00:00+00:00,0.14529617950772558,1.0985,1.2985,1.192716,1.1985,2371.79,ETH-26JUN26,0.7272,-0.99649,0.09508,360.0,0.0,0.19999999999999996,ETH,2363.72,0.0
2026-05-04T06:20:01.285567+00:00,ETH-15MAY26-2450-C,2367.77,ETH-15MAY26,call,2450.0,2026-05-15T08:00:00+00:00,0.030306446448177298,0.02,0.021,0.020443,0.0205,2367.77,ETH-15MAY26,0.49700000000000005,0.35643,1.53481,3134.0,1769.0,0.0010000000000000009,ETH,2363.72,85078.96
2026-05-04T06:20:01.285567+00:00,ETH-4MAY26-1900-C,2366.95,index_price,call,1900.0,2026-05-04T08:00:00+00:00,0.0001900877897241869,0.16,0.2315,0.19733,0.19575,,,1.0558,1.0,0.0,0.0,0.0,0.07150000000000001,ETH,2363.72,0.0
2026-05-04T06:20:01.285567+00:00,ETH-31JUL26-4400-P,2378.233076923077,SYN.ETH-31JUL26,put,4400.0,2026-07-31T08:00:00+00:00,0.24112095705734912,0.8165,0.9325,0.853273,0.8745,2378.233076923077,SYN.ETH-31JUL26,0.6106,-0.97165,0.75717,0.0,0.0,0.11599999999999999,ETH,2363.72,0.0
2026-05-04T06:20:01.285567+00:00,ETH-26JUN26-5000-C,2371.79,ETH-26JUN26,call,5000.0,2026-06-26T08:00:00+00:00,0.14529617950772558,0.0002,0.0005,0.000315,0.00035,2371.79,ETH-26JUN26,0.7038,0.00403,0.1078,17329.0,2.0,0.00030000000000000003,ETH,2363.72,2.31
2026-05-04T06:20:01.285567+00:00,ETH-25SEP26-2400-C,2388.19,ETH-25SEP26,call,2400.0,2026-09-25T08:00:00+00:00,0.3944406011367468,0.146,0.148,0.146777,0.147,2388.19,ETH-25SEP26,0.5974,0.56779,5.89069,3211.0,14.0,0.0020000000000000018,ETH,2363.72,4407.26
2026-05-04T06:20:01.285567+00:00,ETH-6MAY26-2150-C,2366.95,index_price,call,2150.0,2026-05-06T08:00:00+00:00,0.005665789363988389,0.086,0.1,0.092248,0.093,,,0.6707,0.97173,0.11516,0.0,0.0,0.014000000000000012,ETH,2363.7,0.0
2026-05-04T06:20:01.285567+00:00,ETH-26MAR27-2900-C,2430.37,ETH-26MAR27,call,2900.0,2027-03-26T08:00:00+00:00,0.8927294443947892,0.168,0.1715,0.169728,0.16975,2430.37,ETH-26MAR27,0.6268,0.49826,9.15125,3.0,0.0,0.003500000000000003,ETH,2363.7,0.0
2026-05-04T06:20:01.285567+00:00,ETH-25DEC26-6000-C,2408.54,ETH-25DEC26,call,6000.0,2026-12-25T08:00:00+00:00,0.643585022765768,0.0115,0.0125,0.012066,0.012,2408.54,ETH-25DEC26,0.6411,0.06429,2.42629,10436.0,3.0,0.0010000000000000009,ETH,2363.7,87.55
2026-05-04T06:20:01.285567+00:00,ETH-29MAY26-1600-P,2369.05,ETH-29MAY26,put,1600.0,2026-05-29T08:00:00+00:00,0.06863635746802672,0.0012,0.0016,0.00142,0.0014,2369.05,ETH-29MAY26,0.7536,-0.01875,0.2842,9175.0,2.0,0.0004000000000000002,ETH,2363.7,7.67
2026-05-04T06:20:01.285567+00:00,ETH-7MAY26-2150-C,2366.95,index_price,call,2150.0,2026-05-07T08:00:00+00:00,0.008403640151120492,0.086,0.1005,0.092854,0.09325,,,0.6158,0.95599,0.2017,0.0,0.0,0.014500000000000013,ETH,2363.6,0.0
2026-05-04T06:20:01.285567+00:00,ETH-15MAY26-2100-P,2367.77,ETH-15MAY26,put,2100.0,2026-05-15T08:00:00+00:00,0.030306446448177298,0.0047,0.0055,0.004895,0.0051,2367.77,ETH-15MAY26,0.562,-0.1041,0.74389,2988.0,243.0,0.0007999999999999995,ETH,2363.6,3609.72
2026-05-04T06:20:01.285567+00:00,ETH-31JUL26-2600-C,2378.1553846153847,SYN.ETH-31JUL26,call,2600.0,2026-07-31T08:00:00+00:00,0.24112095705734912,0.076,0.077,0.076386,0.0765,2378.1553846153847,SYN.ETH-31JUL26,0.5736,0.42826,4.57799,60.0,0.0,0.0010000000000000009,ETH,2363.6,0.0
2026-05-04T06:20:01.285567+00:00,ETH-15MAY26-2200-C,2367.77,ETH-15MAY26,call,2200.0,2026-05-15T08:00:00+00:00,0.030306446448177298,0.077,0.0875,0.08142,0.08225,2367.77,ETH-15MAY26,0.5261,0.79713,1.16236,192.0,0.0,0.010499999999999995,ETH,2363.6,0.0
2026-05-04T06:20:01.285567+00:00,ETH-31JUL26-2800-C,2378.1553846153847,SYN.ETH-31JUL26,call,2800.0,2026-07-31T08:00:00+00:00,0.24112095705734912,0.0525,0.0535,0.053033,0.053,2378.1553846153847,SYN.ETH-31JUL26,0.5738,0.32865,4.21728,494.0,231.0,0.0010000000000000009,ETH,2363.6,27095.82
2026-05-04T06:20:01.285567+00:00,ETH-26JUN26-4500-C,2371.65,ETH-26JUN26,call,4500.0,2026-06-26T08:00:00+00:00,0.14529617950772558,0.0004,0.0008,0.000581,0.0006,2371.65,ETH-26JUN26,0.6577,0.00748,0.18668,4961.0,100.0,0.0004,ETH,2363.6,138.49
